step,system_total_running,system_total_backlogged,system_total_stopped,system_total_arrived,system_total_departed,system_total_teleported,system_total_waiting_time,system_mean_waiting_time,system_mean_speed,TL_stopped,TL_accumulated_waiting_time,TL_average_speed,agents_total_stopped,agents_total_accumulated_waiting_time
0.0,0,0,0,0,0,0,0.0,0.0,0.0,0,0.0,1.0,0,0.0
5.0,0,0,0,0,0,0,0.0,0.0,0.0,0,0.0,1.0,0,0.0
10.0,0,0,0,0,0,0,0.0,0.0,0.0,0,0.0,1.0,0,0.0
15.0,2,0,0,0,2,0,0.0,0.0,11.837005963781849,0,0.0,0.8947715778320504,0,0.0
20.0,2,0,0,0,2,0,0.0,0.0,12.968848272552341,0,0.0,0.9787569284080352,0,0.0
25.0,2,0,0,0,2,0,0.0,0.0,12.995774309185427,0,0.0,0.9811211148245763,0,0.0
30.0,3,0,0,0,3,0,0.0,0.0,12.778018893735856,0,0.0,0.9210878798016259,0,0.0
35.0,4,0,0,0,4,0,0.0,0.0,13.142514623074156,0,0.0,0.9743759404976398,0,0.0
40.0,5,0,0,0,5,0,0.0,0.0,13.13014458864202,0,0.0,0.9722459172157019,0,0.0
45.0,6,0,0,0,6,0,0.0,0.0,13.13231580910299,0,0.0,0.9483258319436754,0,0.0
50.0,6,0,0,0,6,0,0.0,0.0,13.76659700117488,0,0.0,0.9884823018149791,0,0.0
55.0,8,0,0,0,8,0,0.0,0.0,13.13057030218348,0,0.0,0.9519180249402135,0,0.0
60.0,10,0,0,0,10,0,0.0,0.0,13.089867962565403,0,0.0,0.9424737928736194,0,0.0
65.0,12,0,0,0,12,0,0.0,0.0,13.428515897880603,0,0.0,0.9761698577695629,0,0.0
70.0,12,0,0,0,12,0,0.0,0.0,12.919212472708763,0,0.0,0.9388172179366444,0,0.0
75.0,14,0,2,0,14,0,6.0,0.42857142857142855,11.51316841738478,2,6.0,0.8302109461274926,2,6.0
80.0,14,0,1,0,14,0,8.0,0.5714285714285714,10.716319689163617,1,15.0,0.7797555572268499,1,15.0
85.0,16,0,2,0,16,0,18.0,1.125,10.932920446149142,2,18.0,0.8198442266038781,2,18.0
90.0,16,0,0,0,16,0,0.0,0.0,11.348203000086052,0,26.0,0.8353771115072012,0,26.0
95.0,19,1,1,0,19,0,3.0,0.15789473684210525,11.270357700041325,1,3.0,0.8762225786951006,1,3.0
100.0,24,0,2,0,24,0,10.0,0.4166666666666667,11.608036512460131,2,10.0,0.8451292418237504,2,10.0
105.0,27,0,0,0,27,0,0.0,0.0,12.28277409103871,0,18.0,0.8870527384433847,0,18.0
110.0,29,0,1,0,29,0,2.0,0.06896551724137931,11.977859742256443,1,2.0,0.9168707176686575,1,2.0
115.0,29,0,1,0,29,0,7.0,0.2413793103448276,12.362021195911705,1,7.0,0.9096128886956616,1,7.0
120.0,30,0,4,0,30,0,19.0,0.6333333333333333,11.681055115878737,4,19.0,0.8101867545185406,4,19.0
125.0,34,0,3,0,34,0,22.0,0.6470588235294118,11.35511172913019,3,38.0,0.7655505974839948,3,38.0
130.0,35,0,5,0,35,0,44.0,1.2571428571428571,11.043467458299718,5,44.0,0.7490395592814174,5,44.0
135.0,38,0,5,0,38,0,69.0,1.8157894736842106,11.20620844769051,5,72.0,0.7755097601223954,5,72.0
140.0,41,0,5,0,41,0,94.0,2.292682926829268,11.469387604474132,5,94.0,0.8060741318927547,5,94.0
145.0,43,0,4,0,43,0,74.0,1.7209302325581395,11.374899124582017,4,118.0,0.7853505809423971,4,118.0
150.0,46,0,4,1,47,0,94.0,2.0434782608695654,11.465100122242422,4,94.0,0.8081871041830392,4,94.0
155.0,45,0,6,3,48,0,121.0,2.688888888888889,10.994261304578064,6,121.0,0.7500821186709076,6,121.0
160.0,50,1,4,4,54,0,49.0,0.98,10.267353827989437,4,157.0,0.664589599133511,4,157.0
165.0,53,0,5,5,58,0,31.0,0.5849056603773585,10.878244460093084,5,31.0,0.8166744409914359,5,31.0
170.0,56,0,5,5,61,0,56.0,1.0,11.372461044819996,5,56.0,0.8180349360815873,5,56.0
175.0,60,0,7,6,66,0,76.0,1.2666666666666666,11.190469263921067,7,87.0,0.7532329587624801,7,87.0
180.0,65,0,9,7,72,0,116.0,1.7846153846153847,11.282336791020901,9,116.0,0.7573602535821181,9,116.0
185.0,66,0,9,9,75,0,152.0,2.303030303030303,11.142799163418557,9,164.0,0.7572523183600121,9,164.0
190.0,73,0,9,9,82,0,197.0,2.6986301369863015,11.301947477772568,9,197.0,0.7974973428469508,9,197.0
195.0,78,0,9,9,87,0,242.0,3.1025641025641026,11.418825605519157,9,242.0,0.7915057886880229,9,242.0
200.0,80,0,11,10,90,0,296.0,3.7,11.546259913223532,11,296.0,0.782196701079125,11,296.0
205.0,79,0,13,12,91,0,354.0,4.481012658227848,10.928623611063774,13,354.0,0.7191652884440225,13,354.0
210.0,81,0,12,13,94,0,211.0,2.6049382716049383,10.364522169837933,12,430.0,0.673428257543166,12,430.0
215.0,87,0,6,15,102,0,101.0,1.160919540229885,10.751366058385699,6,157.0,0.7809035820279642,6,157.0
220.0,93,0,13,16,109,0,143.0,1.5376344086021505,10.449618750021337,13,199.0,0.7180913985082535,13,199.0
225.0,95,0,22,18,113,0,234.0,2.463157894736842,10.129070281393904,22,290.0,0.6652679765405428,22,290.0
230.0,97,0,19,22,119,0,234.0,2.4123711340206184,9.857754780836126,19,398.0,0.6431358377924536,19,398.0
235.0,103,0,11,23,126,0,215.0,2.087378640776699,10.141765583754815,11,297.0,0.731530431905119,11,297.0
240.0,108,0,14,24,132,0,165.0,1.5277777777777777,10.046431215305825,14,356.0,0.6832506306417496,14,356.0
245.0,110,0,20,25,135,0,233.0,2.118181818181818,9.765615582120267,20,326.0,0.6424874715754845,20,326.0
250.0,115,0,28,27,142,0,361.0,3.139130434782609,9.73523879526895,28,443.0,0.6236544241545099,28,443.0
255.0,116,0,32,28,144,0,510.0,4.396551724137931,9.775131538459178,32,592.0,0.614668850509063,32,592.0
260.0,123,0,32,28,151,0,670.0,5.4471544715447155,9.783198003955096,32,752.0,0.6072249613778433,32,752.0
265.0,125,0,31,31,156,0,691.0,5.528,9.588736336574748,31,921.0,0.5915753410883642,31,921.0
270.0,127,0,15,33,160,0,485.0,3.8188976377952755,9.512597918112053,15,731.0,0.6304504637853676,15,731.0
275.0,133,1,24,34,167,0,577.0,4.338345864661654,9.317047106346182,24,829.0,0.5912134473627915,24,829.0
280.0,134,0,40,38,172,0,748.0,5.582089552238806,8.835770892928856,40,994.0,0.5399075417666884,40,994.0
285.0,143,0,45,38,181,0,949.0,6.636363636363637,8.58464219374331,45,1218.0,0.5066137865819341,45,1218.0
290.0,146,1,55,41,187,0,1198.0,8.205479452054794,8.166102904485482,55,1445.0,0.4867215180002134,55,1445.0
295.0,148,0,59,45,193,0,1483.0,10.02027027027027,7.931274256612624,59,1730.0,0.4763612291442592,59,1730.0
300.0,146,0,62,52,198,0,1772.0,12.136986301369863,7.587556413180608,62,2036.0,0.469793152571356,62,2036.0
305.0,148,0,64,55,203,0,2087.0,14.10135135135135,7.270047309053818,64,2334.0,0.4551525517603398,64,2334.0
310.0,150,0,63,57,207,0,1909.0,12.726666666666667,6.745140127957563,63,2665.0,0.4205781536809827,63,2665.0
315.0,153,0,45,58,211,0,1198.0,7.830065359477124,6.778778497087586,45,1959.0,0.4395589474371342,45,1959.0
320.0,158,0,49,58,216,0,1168.0,7.3924050632911396,7.044586546558736,49,2136.0,0.43939402043484027,49,2136.0
325.0,160,0,37,61,221,0,293.0,1.83125,7.515493233244248,37,1781.0,0.482724236434139,37,1781.0
330.0,160,0,35,65,225,0,233.0,1.45625,7.391467425109849,35,1934.0,0.44781027648834953,35,1934.0
335.0,168,0,52,67,235,0,466.0,2.7738095238095237,7.336550319446529,52,2168.0,0.4368673539698146,52,2168.0
340.0,173,1,72,70,243,0,771.0,4.456647398843931,7.048288954016065,72,2495.0,0.41004804118704713,72,2495.0
345.0,180,1,86,71,251,0,1160.0,6.444444444444445,6.644983929677658,86,2863.0,0.3862980520656467,86,2863.0
350.0,186,0,89,72,258,0,1430.0,7.688172043010753,6.547823627286483,89,3315.0,0.3802271954800341,89,3315.0
355.0,194,0,65,72,266,0,1146.0,5.907216494845361,6.842080106021038,65,2905.0,0.4127893811405275,65,2905.0
360.0,201,0,62,72,273,0,1391.0,6.920398009950249,7.483142193634492,62,2918.0,0.45478602005974433,62,2918.0
365.0,209,1,70,73,282,0,1519.0,7.267942583732057,7.501624051029984,70,3258.0,0.4353633466692305,70,3258.0
370.0,211,0,57,76,287,0,888.0,4.208530805687204,7.83569325174319,57,2602.0,0.47095439431541564,57,2602.0
375.0,213,0,42,79,292,0,375.0,1.7605633802816902,7.767130494109223,42,2835.0,0.45526879483998545,42,2835.0
380.0,212,0,60,85,297,0,546.0,2.5754716981132075,7.376660852280035,60,3056.0,0.42625737415613196,60,3056.0
385.0,213,0,77,91,304,0,772.0,3.624413145539906,7.0954092330641325,77,3305.0,0.41161783728987056,77,3305.0
390.0,215,0,65,96,311,0,634.0,2.9488372093023254,6.905335613548843,65,3262.0,0.41144857670828994,65,3262.0
395.0,224,1,73,96,320,0,907.0,4.049107142857143,7.122674304562019,73,3365.0,0.41708895017883085,73,3365.0
400.0,230,0,83,97,327,0,1311.0,5.7,7.506231456345215,83,3561.0,0.42599317576889745,83,3561.0
405.0,236,0,87,98,334,0,1742.0,7.38135593220339,7.887649936420736,87,3874.0,0.42389526474497796,87,3874.0
410.0,238,0,91,100,338,0,2123.0,8.920168067226891,7.834945687471569,91,4323.0,0.3997410291451392,91,4323.0
415.0,239,1,99,103,342,0,2541.0,10.631799163179917,7.448878550195426,99,4691.0,0.3702839866901388,99,4691.0
420.0,241,0,104,110,351,0,3050.0,12.655601659751037,7.191964673832527,104,5181.0,0.36802104476385206,104,5181.0
425.0,245,0,108,118,363,0,3584.0,14.628571428571428,7.11463634205632,108,5715.0,0.37813553814521395,108,5715.0
430.0,245,0,113,124,369,0,4143.0,16.910204081632653,6.8360095327453365,113,6274.0,0.36630534135870824,113,6274.0
435.0,253,1,116,129,382,0,4367.0,17.26086956521739,6.739438907652223,116,6859.0,0.3771732059609719,116,6859.0
440.0,263,2,87,131,394,0,3113.0,11.836501901140684,7.075652525299663,87,5875.0,0.41986511800213444,87,5875.0
445.0,272,3,73,133,405,0,2133.0,7.841911764705882,7.458659677600437,73,5498.0,0.4500878713691638,73,5498.0
450.0,279,1,65,140,419,0,1447.0,5.186379928315413,7.5026257107086,65,5624.0,0.4547114251135088,65,5624.0
455.0,285,0,75,145,430,0,1158.0,4.063157894736842,7.501726847042042,75,5975.0,0.45005952695301077,75,5975.0
460.0,282,0,85,156,438,0,1229.0,4.358156028368795,7.166425503907778,85,6383.0,0.4416035414132888,85,6383.0
465.0,279,0,80,166,445,0,999.0,3.5806451612903225,6.936500099360767,80,6359.0,0.4494250465398937,80,6359.0
470.0,286,0,102,168,454,0,1366.0,4.776223776223776,6.680536833977182,102,6819.0,0.4230386658487994,102,6819.0
475.0,296,1,134,172,468,0,1974.0,6.668918918918919,6.37639462021443,134,7430.0,0.39370048645684613,134,7430.0
480.0,310,0,143,175,485,0,2619.0,8.448387096774194,6.485812112626925,143,8080.0,0.4065209598566767,143,8080.0
485.0,320,0,133,177,497,0,3083.0,9.634375,6.168582492021891,133,8410.0,0.3903557747785359,133,8410.0
490.0,326,0,138,177,503,0,3692.0,11.325153374233128,6.242282815439349,138,9085.0,0.3853973488681452,138,9085.0
495.0,336,0,161,177,513,0,4439.0,13.211309523809524,5.993689057160827,161,9845.0,0.3572325680226517,161,9845.0
500.0,335,0,175,183,518,0,5240.0,15.64179104477612,5.601390224681829,175,10712.0,0.3329591813746043,175,10712.0
505.0,332,0,162,195,527,0,5827.0,17.551204819277107,5.262989651399815,162,11184.0,0.3308002547984884,162,11184.0
510.0,342,1,164,197,539,0,6362.0,18.60233918128655,5.170002286450554,164,11992.0,0.318401434362134,164,11992.0
515.0,352,0,181,198,550,0,6770.0,19.232954545454547,5.171788348885754,181,12525.0,0.31133903800713586,181,12525.0
520.0,359,0,197,199,558,0,7646.0,21.298050139275766,5.132001878691463,197,13376.0,0.2999137707324419,197,13376.0
525.0,361,0,220,204,565,0,8671.0,24.019390581717452,4.711055368366543,220,14430.0,0.2719162666241692,220,14430.0
530.0,369,0,236,210,579,0,9786.0,26.520325203252032,4.302593325672681,236,15525.0,0.25148637491946496,236,15525.0
535.0,375,1,251,211,586,0,11019.0,29.384,4.24965126643476,251,16753.0,0.2472503093694102,251,16753.0
540.0,383,0,258,212,595,0,12264.0,32.02088772845953,4.047176418017718,258,18033.0,0.23392437513467887,258,18033.0
545.0,390,0,263,216,606,0,13474.0,34.54871794871795,3.9427895034861304,263,19128.0,0.23384200064234592,263,19128.0
550.0,397,1,263,220,617,0,14171.0,35.695214105793454,3.9055318108892205,263,20451.0,0.2341304987636095,263,20451.0
555.0,406,1,248,222,628,0,12555.0,30.923645320197043,4.028617329455117,248,19569.0,0.2438901584522316,248,19569.0
560.0,408,0,239,227,635,0,11397.0,27.933823529411764,3.901713652102446,239,20781.0,0.23572114807263703,239,20781.0
565.0,418,1,241,228,646,0,10056.0,24.057416267942585,3.8166208787805016,241,21812.0,0.22548686340709964,241,21812.0
570.0,430,0,245,232,662,0,8962.0,20.84186046511628,3.802308084672441,245,22999.0,0.2275182862208149,245,22999.0
575.0,437,1,251,237,674,0,8239.0,18.85354691075515,3.768358057515284,251,24235.0,0.23200009129231086,251,24235.0
580.0,448,0,253,238,686,0,7630.0,17.03125,3.6009782819104017,253,25278.0,0.221343851819084,253,25278.0
585.0,453,0,231,240,693,0,7096.0,15.664459161147903,3.5815680468554523,231,24274.0,0.2204213311270524,231,24274.0
590.0,462,0,220,241,703,0,7005.0,15.162337662337663,3.6423272067363923,220,25398.0,0.21997581325684482,220,25398.0
595.0,471,0,219,241,712,0,7440.0,15.796178343949045,3.7768441462954736,219,26461.0,0.2220509873428603,219,26461.0
600.0,478,0,232,243,721,0,8160.0,17.07112970711297,3.7583756950089153,232,27564.0,0.21945913453348745,232,27564.0
605.0,485,2,257,244,729,0,8516.0,17.55876288659794,3.4497158524402267,257,28691.0,0.19633096045187348,257,28691.0
610.0,489,0,253,250,739,0,6754.0,13.811860940695297,3.4053480393238003,253,28820.0,0.20145525731672123,253,28820.0
615.0,503,1,251,253,756,0,5591.0,11.115308151093439,3.571707183981945,251,29304.0,0.2114505134124207,251,29304.0
620.0,511,0,235,255,766,0,4893.0,9.575342465753424,3.8627814258013546,235,29184.0,0.21986800128507072,235,29184.0
625.0,514,1,223,260,774,0,4308.0,8.381322957198444,3.9457833865798224,223,30241.0,0.2203455561094901,223,30241.0
630.0,522,0,211,262,784,0,3624.0,6.942528735632184,3.849240713469752,211,28651.0,0.21205782818186392,211,28651.0
635.0,534,2,218,262,796,0,3204.0,6.0,3.839078907231662,218,29709.0,0.20457585410105186,218,29709.0
640.0,550,0,236,262,812,0,3292.0,5.985454545454545,3.943715576920511,236,30778.0,0.20842304275471965,236,30778.0
645.0,552,1,267,268,820,0,3649.0,6.6105072463768115,3.7200239442405962,267,32053.0,0.19336544072403591,267,32053.0
650.0,555,0,270,272,827,0,4023.0,7.248648648648649,3.6617914487521745,270,30875.0,0.18932179775268948,270,30875.0
655.0,560,0,277,275,835,0,4602.0,8.217857142857143,3.6008884615648995,277,32258.0,0.18288390899527762,277,32258.0
660.0,567,0,279,277,844,0,5132.0,9.051146384479718,3.6636401821606204,279,33611.0,0.1859912327712813,279,33611.0
665.0,571,0,290,281,852,0,5849.0,10.243432574430823,3.5243807351647805,290,34986.0,0.1767601655152051,290,34986.0
670.0,582,0,289,284,866,0,6307.0,10.836769759450172,3.3905999290373106,289,36436.0,0.1712707440522343,289,36436.0
675.0,582,1,268,290,872,0,5865.0,10.077319587628866,3.3004564910862184,268,36188.0,0.16834689388711796,268,36188.0
680.0,586,0,249,297,883,0,5606.0,9.566552901023892,3.254409870204733,249,36690.0,0.16463432525900557,249,36690.0
685.0,587,2,256,305,892,0,5553.0,9.459965928449744,3.0590587354970022,256,37954.0,0.1518443261334153,256,37954.0
690.0,592,1,250,315,907,0,4986.0,8.422297297297296,3.0657871094506266,250,36740.0,0.15919876208361425,250,36740.0
695.0,595,0,251,323,918,0,4367.0,7.339495798319327,3.0960442788033675,251,37857.0,0.16734429621167568,251,37857.0
700.0,603,0,257,325,928,0,3374.0,5.595356550580431,3.092520823879405,257,38672.0,0.1634655161460084,257,38672.0
705.0,614,1,263,328,942,0,3144.0,5.120521172638436,3.0400214130080503,263,39726.0,0.16142490235993068,263,39726.0
710.0,617,1,263,335,952,0,3247.0,5.2625607779578605,3.058827093092325,263,38583.0,0.16980013563071078,263,38583.0
715.0,627,1,285,338,965,0,3622.0,5.776714513556619,3.0712436642697147,285,39831.0,0.16860623574817502,285,39831.0
720.0,636,0,296,340,976,0,3499.0,5.501572327044025,3.104392193945383,296,39717.0,0.1683723422787854,296,39717.0
725.0,650,1,304,342,992,0,3478.0,5.350769230769231,3.1809552287972314,304,41219.0,0.1708367015158922,304,41219.0
730.0,656,0,314,344,1000,0,3541.0,5.397865853658536,3.162100758078793,314,42560.0,0.1670156203124802,314,42560.0
735.0,663,0,310,348,1011,0,3785.0,5.708898944193062,3.0195234936728097,310,43969.0,0.15804884508181524,310,43969.0
740.0,671,0,286,352,1023,0,3808.0,5.6751117734724295,2.913778555550456,286,43692.0,0.15126081600711588,286,43692.0
745.0,680,1,261,355,1035,0,3732.0,5.488235294117647,2.9646334169007003,261,45046.0,0.15368573474078112,261,45046.0
750.0,683,0,237,364,1047,0,3135.0,4.5900439238653,2.981117242951367,237,43375.0,0.15886939636151437,237,43375.0
755.0,688,1,213,371,1059,0,2785.0,4.0479651162790695,3.005405389035811,213,44504.0,0.1617791313550269,213,44504.0
760.0,696,0,206,375,1071,0,2683.0,3.8548850574712645,3.055864987296384,206,43674.0,0.16455681199035663,206,43674.0
765.0,709,0,224,376,1085,0,2894.0,4.081805359661495,3.120863471286536,224,44748.0,0.16335874302247147,224,44748.0
770.0,721,2,240,378,1099,0,3083.0,4.276005547850208,3.0738025323780964,240,45704.0,0.15686466482269693,240,45704.0
775.0,732,1,276,385,1117,0,3573.0,4.881147540983607,3.0302968480883195,276,47017.0,0.1585346601043169,276,47017.0
780.0,738,2,298,388,1126,0,3669.0,4.971544715447155,2.890075010352012,298,47908.0,0.14958633397982982,298,47908.0
785.0,750,0,330,393,1143,0,4050.0,5.4,2.841731859991805,330,49505.0,0.14979080026527816,330,49505.0
790.0,759,1,340,398,1157,0,4167.0,5.490118577075099,2.7582196249443354,340,48046.0,0.14511175721870156,340,48046.0
795.0,768,0,368,402,1170,0,4685.0,6.100260416666667,2.689287475510175,368,49831.0,0.14024773455059852,368,49831.0
800.0,777,1,393,409,1186,0,5261.0,6.770913770913771,2.5829205520778413,393,51570.0,0.1350523526182011,393,51570.0
805.0,786,3,414,417,1203,0,6049.0,7.695928753180661,2.4785362493704546,414,53383.0,0.13372457088844325,414,53383.0
810.0,799,2,439,421,1220,0,7001.0,8.762202753441802,2.3637976000945415,439,55095.0,0.12816467030935635,439,55095.0
815.0,809,1,467,426,1235,0,8169.0,10.097651421508035,2.219112796572888,467,57367.0,0.12171997811050232,467,57367.0
820.0,818,0,481,431,1249,0,9479.0,11.5880195599022,2.144797464742622,481,59538.0,0.11965955151984489,481,59538.0
825.0,828,0,506,433,1261,0,11026.0,13.316425120772946,2.1108982536365515,506,62004.0,0.11781332627085046,506,62004.0
830.0,835,0,541,440,1275,0,12904.0,15.453892215568862,1.8838896663152351,541,64221.0,0.10653709000705998,541,64221.0
835.0,849,3,570,442,1291,0,15064.0,17.743227326266197,1.867792912521203,570,67017.0,0.10711183155921836,570,67017.0
840.0,864,1,587,443,1307,0,17321.0,20.047453703703702,1.8071578065654104,587,69763.0,0.10139666170313984,587,69763.0
845.0,876,1,620,446,1322,0,19545.0,22.311643835616437,1.7294261333474918,620,72786.0,0.09664496672006692,620,72786.0
850.0,883,1,624,451,1334,0,20754.0,23.5039637599094,1.6940878021203836,624,72472.0,0.09513031551483397,624,72472.0
855.0,889,0,629,455,1344,0,22274.0,25.055118110236222,1.615617157856915,629,75411.0,0.08940511484786393,629,75411.0
860.0,903,0,647,456,1359,0,23841.0,26.40199335548173,1.5672533266135429,647,78177.0,0.0828515171332068,647,78177.0
865.0,915,1,642,461,1376,0,24764.0,27.06448087431694,1.5375538108560036,642,81404.0,0.08392974843507081,642,81404.0
870.0,926,1,615,462,1388,0,23278.0,25.138228941684666,1.631444410881403,615,81624.0,0.08742457195188554,615,81624.0
875.0,936,2,601,466,1402,0,22438.0,23.97222222222222,1.721405665822409,601,82389.0,0.0919553657984642,601,82389.0
880.0,945,4,572,467,1412,0,19445.0,20.576719576719576,1.7243972831550376,572,84387.0,0.08767605449565814,572,84387.0
885.0,957,3,594,468,1425,0,19025.0,19.879832810867292,1.7002155439217628,594,87007.0,0.08235123042556376,594,87007.0
890.0,972,1,619,469,1441,0,18827.0,19.36934156378601,1.707922839923856,619,90129.0,0.08280761258737553,619,90129.0
895.0,981,0,635,471,1452,0,18760.0,19.12334352701325,1.6146815144694817,635,93026.0,0.07537703370083362,635,93026.0
900.0,994,0,672,473,1467,0,19053.0,19.16800804828974,1.556531224940243,672,96416.0,0.07143851211492222,672,96416.0
905.0,1002,0,696,477,1479,0,19453.0,19.414171656686626,1.4844676946437667,696,99394.0,0.06913274760690984,696,99394.0
910.0,1005,0,709,482,1487,0,19772.0,19.67363184079602,1.3754665063424019,709,102908.0,0.06391025550897121,709,102908.0
915.0,1020,4,695,483,1503,0,19604.0,19.219607843137254,1.4525664603273984,695,103488.0,0.06654528118242006,695,103488.0
920.0,1026,1,675,490,1516,0,18980.0,18.499025341130604,1.4726671415245944,675,106869.0,0.07108342313954283,675,106869.0
925.0,1041,1,664,492,1533,0,17293.0,16.611911623439,1.4915269153137074,664,106228.0,0.06952416625992656,664,106228.0
930.0,1049,3,640,497,1546,0,15613.0,14.8836987607245,1.483943102604086,640,109292.0,0.0687666536749969,640,109292.0
935.0,1057,1,621,506,1563,0,14637.0,13.847682119205299,1.4457699298140936,621,109972.0,0.06866325026486002,621,109972.0
940.0,1067,2,592,507,1574,0,13012.0,12.19493908153702,1.5175858247084013,592,113009.0,0.07142538676234508,592,113009.0
945.0,1067,0,583,514,1581,0,12377.0,11.599812558575445,1.4255802412762066,583,115609.0,0.06663972536040245,583,115609.0
950.0,1074,1,602,518,1592,0,12279.0,11.432960893854748,1.3239587302726816,602,118602.0,0.05961332281032142,602,118602.0
955.0,1084,2,574,519,1603,0,11932.0,11.007380073800737,1.3702943570395114,574,117663.0,0.06023845897405475,574,117663.0
960.0,1095,2,584,519,1614,0,11788.0,10.765296803652967,1.3778827870392407,584,120493.0,0.05817841885898353,584,120493.0
965.0,1109,2,599,521,1630,0,12015.0,10.834084761045988,1.406838844980212,599,120554.0,0.057799702202528176,599,120554.0
970.0,1123,1,616,524,1647,0,12561.0,11.185218165627782,1.4333239773393474,616,123250.0,0.05813227006511451,616,123250.0
975.0,1132,0,623,528,1660,0,13121.0,11.590989399293287,1.419464298349012,623,122587.0,0.056423940140284054,623,122587.0
980.0,1138,1,573,535,1673,0,10984.0,9.652021089630932,1.4671208196875347,573,123463.0,0.06187325218602433,573,123463.0
985.0,1144,0,557,540,1684,0,10660.0,9.318181818181818,1.535921463181078,557,125967.0,0.06747593265948762,557,125967.0
990.0,1155,3,550,546,1701,0,10335.0,8.948051948051948,1.5098097115346716,550,128944.0,0.06835693809304733,550,128944.0
995.0,1163,2,508,553,1716,0,9057.0,7.787618228718831,1.4894191310905731,508,126492.0,0.06888385405616726,508,126492.0
1000.0,1174,0,455,556,1730,0,7950.0,6.771720613287904,1.5342085177697913,455,128789.0,0.07216510240277103,455,128789.0
1005.0,1181,7,433,560,1741,0,7162.0,6.064352243861134,1.5454678820060572,433,127916.0,0.07130103058367829,433,127916.0
1010.0,1194,4,388,562,1756,0,5520.0,4.623115577889447,1.7522889381646158,388,127493.0,0.08217030123501451,388,127493.0
1015.0,1203,5,387,568,1771,0,5234.0,4.350789692435578,1.8528182592236233,387,126588.0,0.08640891160634843,387,126588.0
1020.0,1216,7,414,570,1786,0,5439.0,4.472861842105263,1.9243084127850238,414,127872.0,0.08725338508983523,414,127872.0
1025.0,1226,4,444,575,1801,0,5836.0,4.760195758564437,1.9402933356456389,444,129537.0,0.08945972336299039,444,129537.0
1030.0,1230,3,469,579,1809,0,6193.0,5.034959349593496,1.7858364463562357,469,132011.0,0.07991891520043315,469,132011.0
1035.0,1229,2,487,587,1816,0,6836.0,5.562245728234337,1.620062635466167,487,131317.0,0.06972218305090193,487,131317.0
1040.0,1230,5,509,594,1824,0,7751.0,6.301626016260163,1.5464300444911767,509,133604.0,0.0668097352888931,509,133604.0
1045.0,1237,7,543,599,1836,0,9166.0,7.409862570735651,1.4792860113558643,543,135897.0,0.06258964308024731,543,135897.0
1050.0,1245,5,587,602,1847,0,10806.0,8.679518072289156,1.4561903408942634,587,138109.0,0.05962008860902311,587,138109.0
1055.0,1255,9,622,604,1859,0,12476.0,9.941035856573706,1.3751427497653805,622,140964.0,0.05422097197060596,622,140964.0
1060.0,1266,11,628,609,1875,0,13102.0,10.34913112164297,1.406132540165982,628,139677.0,0.05690288615473669,628,139677.0
1065.0,1273,14,633,615,1888,0,13587.0,10.673212882953653,1.3829798711066523,633,142841.0,0.05801092639761287,633,142841.0
1070.0,1276,12,653,624,1900,0,14471.0,11.340909090909092,1.2955917464757603,653,145259.0,0.05506696604439081,653,145259.0
1075.0,1268,8,663,640,1908,0,15052.0,11.870662460567823,1.2163599871464823,663,148079.0,0.05843465543051275,663,148079.0
1080.0,1271,12,638,644,1915,0,14816.0,11.656963021243115,1.1956100835928092,638,147799.0,0.056831987720410516,638,147799.0
1085.0,1280,14,660,646,1926,0,15528.0,12.13125,1.318192889335608,660,149246.0,0.06274174852074299,660,149246.0
1090.0,1288,16,697,650,1938,0,16469.0,12.786490683229813,1.2639243606302415,697,152723.0,0.05731324420845045,697,152723.0
1095.0,1291,18,701,655,1946,0,16724.0,12.95429899302866,1.2781004033078416,701,151853.0,0.05788977638692502,701,151853.0
1100.0,1294,19,709,659,1953,0,16838.0,13.012364760432767,1.2595731800728942,709,154849.0,0.05671614465311409,709,154849.0
1105.0,1300,21,699,663,1963,0,16675.0,12.826923076923077,1.2804444317735142,699,155311.0,0.057050466803731666,699,155311.0
1110.0,1310,24,710,664,1974,0,17411.0,13.290839694656489,1.2953065725039323,710,158712.0,0.05517879430746888,710,158712.0
1115.0,1307,36,727,670,1977,0,18331.0,14.025248661055853,1.2200567292766133,727,161678.0,0.05107516026166665,727,161678.0
1120.0,1316,34,768,671,1987,0,19506.0,14.822188449848024,1.2111807261082235,768,165220.0,0.048903427956335045,768,165220.0
1125.0,1320,34,778,676,1996,0,18804.0,14.245454545454546,1.1863808913600173,778,167853.0,0.04931423915906164,778,167853.0
1130.0,1325,43,840,682,2007,0,19797.0,14.941132075471698,1.1390040951455138,840,171143.0,0.04753062536488357,840,171143.0
1135.0,1333,44,871,684,2017,0,20790.0,15.596399099774944,1.1279506942356805,871,174540.0,0.04531506099875264,871,174540.0
1140.0,1337,45,893,687,2024,0,22296.0,16.67614061331339,1.0238771306136827,893,178660.0,0.03894542598218941,893,178660.0
1145.0,1334,51,909,695,2029,0,23693.0,17.76086956521739,0.8787853936535965,909,182282.0,0.032782891685325534,909,182282.0
1150.0,1331,52,931,704,2035,0,25729.0,19.330578512396695,0.8250481320082014,931,186532.0,0.03459476954764557,931,186532.0
1155.0,1339,58,920,706,2045,0,26721.0,19.95593726661688,0.8251851004647458,920,187815.0,0.033192527291557,920,187815.0
1160.0,1343,62,929,711,2054,0,28083.0,20.910647803425167,0.7903548892919023,929,192321.0,0.031952762875640604,929,192321.0
1165.0,1346,64,932,717,2063,0,28288.0,21.01634472511144,0.7568450300967461,932,192335.0,0.029017095649122686,932,192335.0
1170.0,1354,64,908,719,2073,0,26172.0,19.32939438700148,0.8058734919246141,908,196703.0,0.03113225118948986,908,196703.0
1175.0,1356,67,925,724,2080,0,25686.0,18.942477876106196,0.749443421368715,925,200595.0,0.02813856861662099,925,200595.0
1180.0,1362,69,922,726,2088,0,25675.0,18.850954478707784,0.7613652377659889,922,204118.0,0.029063553391144123,922,204118.0
1185.0,1364,77,884,730,2094,0,24671.0,18.08724340175953,0.7874429907943238,884,204615.0,0.030404745015834223,884,204615.0
1190.0,1367,82,885,734,2101,0,23862.0,17.455742501828823,0.8180687774944863,885,208714.0,0.03322436203600524,885,208714.0
1195.0,1373,91,927,735,2108,0,23233.0,16.921340131099782,0.8365182886881157,927,212359.0,0.03239235150314968,927,212359.0
1200.0,1373,98,946,737,2110,0,23976.0,17.462490895848507,0.7961483825809548,946,216139.0,0.027602952213521353,946,216139.0
1205.0,1375,105,963,738,2113,0,25866.0,18.811636363636364,0.7764630812847216,963,219846.0,0.02342169823887677,963,219846.0
1210.0,1378,106,1000,740,2118,0,28344.0,20.568940493468794,0.7805209661988356,1000,224036.0,0.020795661828389933,1000,224036.0
1215.0,1379,113,1014,745,2124,0,31168.0,22.60188542422045,0.7755907060388445,1014,228385.0,0.021050167064936412,1014,228385.0
1220.0,1376,117,1048,752,2128,0,33705.0,24.494912790697676,0.6703098265079815,1048,232959.0,0.016803813740969065,1048,232959.0
1225.0,1374,131,1038,757,2131,0,33905.0,24.67612809315866,0.6280372237510284,1038,233646.0,0.014649088861220214,1038,233646.0
1230.0,1375,135,1020,760,2135,0,34146.0,24.833454545454547,0.7419613398268213,1020,236444.0,0.02049368947108903,1020,236444.0
1235.0,1374,144,1015,764,2138,0,34799.0,25.326783114992722,0.8782573441752087,1015,236968.0,0.02347719319309025,1015,236968.0
1240.0,1373,158,1008,767,2140,0,35924.0,26.164603058994903,0.9343968370956413,1008,240373.0,0.02491631456155326,1008,240373.0
1245.0,1368,165,954,776,2144,0,33705.0,24.638157894736842,0.9280538289027511,954,240438.0,0.027380447272291702,954,240438.0
1250.0,1371,167,951,779,2150,0,33226.0,24.23486506199854,0.975060549830885,951,244970.0,0.030920124118386596,951,244970.0
1255.0,1376,180,881,780,2156,0,32558.0,23.661337209302324,1.0588517608408456,881,243162.0,0.03410139094334574,881,243162.0
1260.0,1375,184,866,786,2161,0,32378.0,23.547636363636364,1.069844337869909,866,246450.0,0.036408564702388825,866,246450.0
1265.0,1379,186,867,788,2167,0,32403.0,23.497461928934012,1.0792107921239442,867,249663.0,0.0357522397021619,867,249663.0
1270.0,1376,196,855,794,2170,0,32735.0,23.78997093023256,1.021036375944225,855,252903.0,0.03399680743224807,855,252903.0
1275.0,1377,207,840,796,2173,0,33136.0,24.063907044299203,1.0330273400453593,840,253422.0,0.03288106275087144,840,253422.0
1280.0,1378,217,857,798,2176,0,34456.0,25.00435413642961,1.0553724066297843,857,257264.0,0.03332843110200627,857,257264.0
1285.0,1370,224,899,809,2179,0,35702.0,26.05985401459854,0.9365832505546939,899,260021.0,0.029437297497877275,899,260021.0
1290.0,1370,228,912,813,2183,0,37174.0,27.134306569343067,0.8908080882478366,912,263223.0,0.02708178716093902,912,263223.0
1295.0,1363,233,900,823,2186,0,38903.0,28.542186353631696,0.8342369753978758,900,264601.0,0.02669111092266213,900,264601.0
1300.0,1364,243,918,824,2188,0,41005.0,30.062316715542522,0.8586464059686533,918,268962.0,0.02651910047171932,918,268962.0
1305.0,1360,248,929,832,2192,0,43192.0,31.758823529411764,0.8279296770130053,929,272579.0,0.0265722496466387,929,272579.0
1310.0,1353,258,938,843,2196,0,45567.0,33.67849223946785,0.7680713503861855,938,276951.0,0.027215916497933267,938,276951.0
1315.0,1353,266,900,847,2200,0,46947.0,34.69844789356984,0.8027119404214513,900,278254.0,0.029441781704734,900,278254.0
1320.0,1354,276,856,851,2205,0,48727.0,35.98744460856721,0.9307423936340395,856,280629.0,0.037163851404290835,856,280629.0
1325.0,1362,282,858,852,2214,0,50524.0,37.095447870778266,0.9850254658747806,858,284416.0,0.03804877739152211,858,284416.0
1330.0,1363,286,832,856,2219,0,49639.0,36.41892883345561,0.9874166784887987,832,282185.0,0.0361017830997036,832,282185.0
1335.0,1366,295,807,857,2223,0,48124.0,35.2298682284041,1.0600657011278758,807,285972.0,0.039908510106317185,807,285972.0
1340.0,1364,296,819,862,2226,0,48542.0,35.58797653958944,1.0230375690878728,819,289173.0,0.037632578281439885,819,289173.0
1345.0,1362,308,809,866,2228,0,48731.0,35.77900146842878,0.9755572214823856,809,292780.0,0.035122548214208654,809,292780.0
1350.0,1363,310,779,869,2232,0,47216.0,34.64123257520176,0.9811254317919165,779,287935.0,0.034855191975810634,779,287935.0
1355.0,1364,321,753,872,2236,0,42890.0,31.444281524926687,1.0389784916091005,753,287326.0,0.03718256923227501,753,287326.0
1360.0,1357,325,754,879,2236,0,40549.0,29.88135593220339,1.1360694970787457,754,284697.0,0.039938265899722186,754,284697.0
1365.0,1355,337,753,883,2238,0,40001.0,29.521033210332103,1.230226895946933,753,288102.0,0.04437516514315904,753,288102.0
1370.0,1352,339,761,887,2239,0,40118.0,29.673076923076923,1.25712980444641,761,291482.0,0.047474214059763105,761,291482.0
1375.0,1351,345,775,890,2241,0,39123.0,28.958549222797927,1.2259190499350188,775,295037.0,0.045909821522878584,775,295037.0
1380.0,1347,353,768,895,2242,0,38017.0,28.22345953971789,1.1828725620659877,768,296987.0,0.04506008949217394,768,296987.0
1385.0,1340,361,771,903,2243,0,36583.0,27.300746268656717,1.096168558482241,771,300402.0,0.043749574838053557,771,300402.0
1390.0,1334,370,773,909,2243,0,34196.0,25.63418290854573,1.0972263617474776,773,299480.0,0.04400295580782488,773,299480.0
1395.0,1333,369,784,914,2247,0,32065.0,24.05476369092273,1.1031229691827706,784,302260.0,0.045103614731037744,784,302260.0
1400.0,1335,375,825,916,2251,0,29573.0,22.15205992509363,1.0625106190626314,825,305338.0,0.04019664703067497,825,305338.0
1405.0,1334,385,859,919,2253,0,29857.0,22.381559220389803,0.998401781802496,859,309101.0,0.03560400631181956,859,309101.0
1410.0,1336,388,865,924,2260,0,31169.0,23.33008982035928,0.9157280306902487,865,312252.0,0.03270228223777968,865,312252.0
1415.0,1328,397,876,935,2263,0,32175.0,24.22816265060241,0.7664044214691329,876,314675.0,0.02924353927512038,876,314675.0
1420.0,1322,404,875,943,2265,0,30530.0,23.093797276853252,0.6898095259274517,875,314488.0,0.026117011657869067,875,314488.0
1425.0,1321,410,891,949,2270,0,30503.0,23.09084027252082,0.7271169732318749,891,317376.0,0.030665173995538902,891,317376.0
1430.0,1323,416,920,951,2274,0,32251.0,24.377173091458804,0.7334429169267415,920,320005.0,0.030127915636782642,920,320005.0
1435.0,1321,420,928,955,2276,0,34436.0,26.068130204390613,0.7048261062385046,928,323750.0,0.029484419257025024,928,323750.0
1440.0,1325,421,946,955,2280,0,36313.0,27.406037735849058,0.7682710337180807,946,324573.0,0.031431361820522426,946,324573.0
1445.0,1327,425,901,958,2285,0,36213.0,27.28937452901281,0.8309060230470081,901,328782.0,0.035725581570446745,901,328782.0
1450.0,1331,428,961,962,2293,0,37953.0,28.51465063861758,0.7665294237183732,961,331377.0,0.031421189248236656,961,331377.0
1455.0,1326,437,1001,968,2294,0,40274.0,30.372549019607842,0.626009806604137,1001,335146.0,0.02352938383906099,1001,335146.0
1460.0,1323,444,986,971,2294,0,42039.0,31.775510204081634,0.6229712613712617,986,335739.0,0.022298275899685412,986,335739.0
1465.0,1321,454,973,973,2294,0,42073.0,31.849356548069643,0.6279853153260156,973,338682.0,0.021164610519428216,973,338682.0
1470.0,1323,464,1000,973,2296,0,44837.0,33.89040060468632,0.6335869400670124,1000,342108.0,0.01926566918903698,1000,342108.0
1475.0,1322,475,1033,975,2297,0,48367.0,36.58623298033283,0.5772687611026922,1033,346463.0,0.015163180838587123,1033,346463.0
1480.0,1319,486,1047,980,2299,0,51032.0,38.68991660348749,0.49604387242741044,1047,350063.0,0.012529671880627967,1047,350063.0
1485.0,1321,495,1079,981,2302,0,54917.0,41.57229371688115,0.4822297379795873,1079,355098.0,0.011599282330110263,1079,355098.0
1490.0,1318,504,1092,984,2302,0,58879.0,44.67298937784522,0.42652670302725193,1092,360097.0,0.009150718644145558,1092,360097.0
1495.0,1320,515,1093,984,2304,0,63102.0,47.804545454545455,0.41412686025465556,1093,365568.0,0.0082291416947838,1093,365568.0
1500.0,1321,520,1099,987,2308,0,67277.0,50.92884178652536,0.3985686002100214,1099,371050.0,0.009319108971487284,1099,371050.0
1505.0,1314,531,1065,994,2308,0,67360.0,51.26331811263318,0.3511094305275742,1065,373786.0,0.010849086154194828,1065,373786.0
1510.0,1313,534,1063,998,2311,0,70276.0,53.52322924600152,0.39392003749784155,1063,378782.0,0.01627372778385631,1063,378782.0
1515.0,1314,540,1073,1001,2315,0,73815.0,56.17579908675799,0.4003164912234554,1073,384045.0,0.01870907672572711,1073,384045.0
1520.0,1312,545,1042,1007,2319,0,72647.0,55.37118902439025,0.4222359827922447,1042,381838.0,0.022345802133918412,1042,381838.0
1525.0,1317,549,1041,1009,2326,0,72663.0,55.17312072892938,0.4822742284743585,1041,386333.0,0.025405639772927743,1041,386333.0
1530.0,1319,554,1022,1011,2330,0,68876.0,52.21834723275209,0.5132194619807877,1022,386115.0,0.024298950941342642,1022,386115.0
1535.0,1324,557,984,1012,2336,0,65842.0,49.729607250755286,0.614288439233063,984,389642.0,0.02887829028598708,984,389642.0
1540.0,1330,559,959,1012,2342,0,59372.0,44.6406015037594,0.6664359523696674,959,385694.0,0.027897237123340836,959,385694.0
1545.0,1334,565,926,1013,2347,0,53913.0,40.41454272863568,0.7332059059513727,926,389301.0,0.029754700614071174,926,389301.0
1550.0,1337,575,982,1013,2350,0,51162.0,38.266267763649964,0.7060966966144866,982,392790.0,0.025371324273712127,982,392790.0
1555.0,1340,578,1039,1014,2354,0,50403.0,37.614179104477614,0.6411892326971619,1039,396668.0,0.02010752796370361,1039,396668.0
1560.0,1344,580,1051,1014,2358,0,48961.0,36.429315476190474,0.5985518352056457,1051,401237.0,0.017020480534479188,1051,401237.0
1565.0,1347,585,1076,1015,2362,0,48727.0,36.17446176688939,0.551736414160701,1076,405362.0,0.01479412055158269,1076,405362.0
1570.0,1350,590,1087,1016,2366,0,47748.0,35.36888888888889,0.5593252087261629,1087,409758.0,0.015700846862992602,1087,409758.0
1575.0,1350,595,1081,1017,2367,0,47245.0,34.99629629629629,0.5307624850706822,1081,413819.0,0.014038742822888816,1081,413819.0
1580.0,1347,599,1042,1020,2367,0,45396.0,33.70155902004454,0.5426499213786912,1042,410801.0,0.015084597487071999,1042,410801.0
1585.0,1344,606,948,1025,2369,0,41501.0,30.878720238095237,0.6632703290230654,948,404414.0,0.023091537325537637,948,404414.0
1590.0,1338,614,907,1031,2369,0,38824.0,29.01644245142003,0.8316096204707688,907,404084.0,0.03126616912140735,907,404084.0
1595.0,1335,620,905,1035,2370,0,37028.0,27.736329588014982,0.8729645782445988,905,406437.0,0.03188368262748531,905,406437.0
1600.0,1330,624,905,1043,2373,0,36173.0,27.197744360902256,0.8756459434754431,905,408689.0,0.034852982618172476,905,408689.0
1605.0,1332,623,926,1046,2378,0,36901.0,27.703453453453452,0.7804822455690075,926,411343.0,0.029956008204960687,926,411343.0
1610.0,1333,634,969,1049,2382,0,37842.0,28.38859714928732,0.6854655942068361,969,412216.0,0.02383745369190609,969,412216.0
1615.0,1334,636,979,1050,2384,0,37247.0,27.92128935532234,0.6387090796294276,979,414335.0,0.01973234780048655,979,414335.0
1620.0,1334,641,981,1052,2386,0,36182.0,27.122938530734633,0.6679700507521402,981,412044.0,0.02032127580346137,981,412044.0
1625.0,1337,644,972,1052,2389,0,34390.0,25.721765145848916,0.8001178446487965,972,413373.0,0.024903360242640775,972,413373.0
1630.0,1341,645,993,1052,2393,0,34501.0,25.727815063385535,0.808185700143827,993,415154.0,0.020645512131570364,993,415154.0
1635.0,1344,652,987,1053,2397,0,34326.0,25.540178571428573,0.8429858676201034,987,413206.0,0.018888093129955597,987,413206.0
1640.0,1345,663,953,1054,2399,0,32846.0,24.42081784386617,0.9331375378205266,953,417251.0,0.02389144105995695,953,417251.0
1645.0,1337,669,947,1064,2401,0,32389.0,24.225130890052355,0.8808732615939732,947,421890.0,0.024419715385426238,947,421890.0
1650.0,1327,686,940,1076,2403,0,32196.0,24.26224566691786,0.7808742004732496,940,425050.0,0.023635390125882002,940,425050.0
1655.0,1325,688,964,1082,2407,0,32482.0,24.514716981132075,0.727861764169299,964,426487.0,0.022440011921312786,964,426487.0
1660.0,1325,697,999,1085,2410,0,34742.0,26.220377358490566,0.6704387947481691,999,430255.0,0.019492262438645318,999,430255.0
1665.0,1325,700,981,1087,2412,0,35345.0,26.675471698113206,0.7223513438923388,981,428445.0,0.02146258548774785,981,428445.0
1670.0,1325,706,961,1088,2413,0,35530.0,26.815094339622643,0.7723440587415751,961,432785.0,0.023331807166584475,961,432785.0
1675.0,1323,714,995,1091,2414,0,37126.0,28.061980347694632,0.729590516279927,995,435060.0,0.01913559179739773,995,435060.0
1680.0,1318,715,1011,1096,2414,0,38695.0,29.35887708649469,0.6804671896708006,1011,439366.0,0.01753527323315657,1011,439366.0
1685.0,1311,725,925,1104,2415,0,38455.0,29.332570556826848,0.6897951454468165,925,435656.0,0.020743897895639674,925,435656.0
1690.0,1308,727,818,1109,2417,0,34933.0,26.70718654434251,0.8267266385686858,818,430184.0,0.030861044262954163,818,430184.0
1695.0,1305,733,830,1115,2420,0,36193.0,27.734099616858238,0.8509611681074603,830,433422.0,0.03423630305147164,830,433422.0
1700.0,1303,739,845,1119,2422,0,37603.0,28.85878741366078,0.811569901467562,845,437805.0,0.03228941460910322,845,437805.0
1705.0,1306,742,803,1120,2426,0,33158.0,25.38897396630934,0.8599607558087914,803,437204.0,0.03292625963289495,803,437204.0
1710.0,1305,745,776,1123,2428,0,29259.0,22.420689655172414,0.8903772933338187,776,437676.0,0.032496611966844474,776,437676.0
1715.0,1309,752,816,1123,2432,0,28074.0,21.44690603514133,0.8930008143897348,816,440425.0,0.029021682438949002,816,440425.0
1720.0,1309,761,868,1126,2435,0,27280.0,20.840336134453782,0.8350597199376889,868,443489.0,0.024132915111210098,868,443489.0
1725.0,1312,760,891,1130,2442,0,27009.0,20.586128048780488,0.7894599492921982,891,447196.0,0.022898309450233113,891,447196.0
1730.0,1305,771,907,1138,2443,0,26425.0,20.24904214559387,0.6781742087620549,907,450861.0,0.020056622325855082,907,450861.0
1735.0,1307,772,851,1139,2446,0,23261.0,17.79724560061209,0.763334719906236,851,449891.0,0.023970608672631292,851,449891.0
1740.0,1305,771,833,1146,2451,0,22628.0,17.339463601532568,0.7574477557664322,833,453750.0,0.026841935699984738,833,453750.0
1745.0,1303,780,784,1148,2451,0,20446.0,15.691481197237145,0.8168395058395327,784,450288.0,0.028057430206824635,784,450288.0
1750.0,1302,780,742,1153,2455,0,18407.0,14.137480798771122,0.8952094831517468,742,451776.0,0.034001269659609076,742,451776.0
1755.0,1301,789,767,1155,2456,0,17371.0,13.352036894696388,0.9045701131328593,767,454204.0,0.03370289404427038,767,454204.0
1760.0,1301,796,820,1158,2459,0,18019.0,13.85011529592621,0.8582563998964746,820,457182.0,0.031010528664404256,820,457182.0
1765.0,1298,804,822,1165,2463,0,17890.0,13.782742681047766,0.7719120425669551,822,459563.0,0.030324921852877783,822,459563.0
1770.0,1303,798,763,1169,2472,0,15487.0,11.885648503453568,0.8310729179079221,763,457518.0,0.034674895488941315,763,457518.0
1775.0,1302,804,745,1173,2475,0,14334.0,11.009216589861751,0.8145799493285434,745,458461.0,0.03387169080739112,745,458461.0
1780.0,1302,805,737,1177,2479,0,13663.0,10.493855606758833,0.8210725315550489,737,461838.0,0.034381927499494605,737,461838.0
1785.0,1307,808,765,1178,2485,0,13721.0,10.498087222647284,0.8206099170420617,765,464850.0,0.03370181031471433,765,464850.0
1790.0,1313,807,765,1179,2492,0,14057.0,10.706016755521706,0.8688617405033586,765,463382.0,0.035150001332313476,765,463382.0
1795.0,1315,810,779,1181,2496,0,15060.0,11.452471482889734,0.8958668671602407,779,466920.0,0.036347295878133894,779,466920.0
1800.0,1309,813,801,1191,2500,0,16447.0,12.564553093964859,0.8321761768396507,801,468825.0,0.0361172772605558,801,468825.0
1805.0,1306,815,789,1198,2504,0,17251.0,13.209035222052067,0.8053215781284666,789,471097.0,0.03766706825137957,789,471097.0
1810.0,1306,819,748,1200,2506,0,15080.0,11.546707503828484,0.8600139635241913,748,467588.0,0.04082566164302009,748,467588.0
1815.0,1307,822,731,1201,2508,0,14410.0,11.025248661055853,0.949477490844014,731,466849.0,0.04396984082711885,731,466849.0
1820.0,1312,823,768,1201,2513,0,15021.0,11.448932926829269,0.9579105756735127,768,469964.0,0.0407365765396239,768,469964.0
1825.0,1317,821,791,1202,2519,0,15830.0,12.01974183750949,0.9703139735966644,791,467582.0,0.03825287556602165,791,467582.0
1830.0,1314,822,793,1207,2521,0,16760.0,12.754946727549468,0.9503223716368401,793,471075.0,0.037839452310802796,793,471075.0
1835.0,1313,824,727,1211,2524,0,15275.0,11.633663366336634,0.9983268648890019,727,470673.0,0.04057659557356358,727,470673.0
1840.0,1315,828,633,1212,2527,0,11298.0,8.591634980988593,1.241497473798715,633,460750.0,0.05370469687982326,633,460750.0
1845.0,1316,834,613,1215,2531,0,9830.0,7.4696048632218845,1.4209902437622675,613,459113.0,0.060380765267846755,613,459113.0
1850.0,1314,834,619,1221,2535,0,10087.0,7.676560121765601,1.4280369598366482,619,460247.0,0.05964153257937703,619,460247.0
1855.0,1320,831,666,1223,2543,0,11255.0,8.526515151515152,1.3553218928103232,666,461475.0,0.05300478721834827,666,461475.0
1860.0,1326,833,671,1224,2550,0,11902.0,8.975867269984917,1.3041108161952732,671,464163.0,0.049225734806152346,671,464163.0
1865.0,1326,833,691,1228,2554,0,13113.0,9.889140271493213,1.2908710931461576,691,467292.0,0.0497395471842106,691,467292.0
1870.0,1334,828,739,1231,2565,0,15162.0,11.365817091454273,1.2773046951769393,739,470288.0,0.052315471911477944,739,470288.0
1875.0,1336,822,773,1238,2574,0,17268.0,12.925149700598803,1.1751202575103947,773,473767.0,0.049757284568651076,773,473767.0
1880.0,1341,817,760,1240,2581,0,17789.0,13.265473527218493,1.2035662627761186,760,475816.0,0.05307298937358121,760,475816.0
1885.0,1343,814,759,1247,2590,0,16330.0,12.159344750558452,1.1696465060202912,759,471788.0,0.053244045253188765,759,471788.0
1890.0,1343,815,765,1253,2596,0,16753.0,12.474311243484737,1.1044981332212225,765,472601.0,0.050175471660333974,765,472601.0
1895.0,1342,814,799,1262,2604,0,17812.0,13.272727272727273,1.0213230025483298,799,475845.0,0.047617634617527695,799,475845.0
1900.0,1341,816,839,1270,2611,0,19758.0,14.733780760626399,0.8769840009621934,839,478320.0,0.04004054290079124,839,478320.0
1905.0,1336,818,832,1280,2616,0,20916.0,15.655688622754491,0.7944446588494746,832,475407.0,0.03900603817891967,832,475407.0
1910.0,1341,812,814,1285,2626,0,21222.0,15.825503355704697,0.851064662137429,814,475766.0,0.04392207718915549,814,475766.0
1915.0,1345,810,778,1288,2633,0,20095.0,14.940520446096654,0.847259494646341,778,471725.0,0.041761823067160954,778,471725.0
1920.0,1352,811,794,1289,2641,0,20274.0,14.995562130177515,0.8685392371869146,794,474053.0,0.040421719807717485,794,474053.0
1925.0,1356,809,815,1291,2647,0,20995.0,15.483038348082596,0.8340085295551191,815,475871.0,0.037142987515714584,815,475871.0
1930.0,1360,810,851,1291,2651,0,21399.0,15.734558823529412,0.8500759205076446,851,478427.0,0.036830239484819595,851,478427.0
1935.0,1368,803,850,1291,2659,0,21856.0,15.976608187134502,0.9165839993281673,850,475839.0,0.03922395669619578,850,475839.0
1940.0,1372,803,882,1291,2663,0,23218.0,16.92274052478134,0.9235808346696278,882,478165.0,0.03731305950855742,882,478165.0
1945.0,1374,803,942,1295,2669,0,25543.0,18.590247452692868,0.8489990898251889,942,479763.0,0.03247093926248745,942,479763.0
1950.0,1374,800,944,1302,2676,0,27350.0,19.90538573508006,0.7919828386780458,944,482050.0,0.03234642575145058,944,482050.0
1955.0,1377,802,939,1304,2681,0,28980.0,21.045751633986928,0.8321585379314039,939,481082.0,0.034081760584875005,939,481082.0
1960.0,1380,803,933,1304,2684,0,29595.0,21.445652173913043,0.8484208135884821,933,484961.0,0.03276104577834343,933,484961.0
1965.0,1383,804,975,1305,2688,0,31745.0,22.953723788864785,0.7966908352112253,975,487621.0,0.027801186641115198,975,487621.0
1970.0,1383,801,999,1312,2695,0,34304.0,24.804049168474332,0.736897440374294,999,490668.0,0.026397462077105763,999,490668.0
1975.0,1381,807,1036,1320,2701,0,37187.0,26.9275887038378,0.611712358399293,1036,493073.0,0.022554225339595085,1036,493073.0
1980.0,1376,808,1018,1328,2704,0,39508.0,28.712209302325583,0.535646936506402,1018,491238.0,0.020131984932894663,1018,491238.0
1985.0,1378,811,1002,1328,2706,0,41878.0,30.390420899854863,0.6093690204655648,1002,492451.0,0.02153951285926981,1002,492451.0
1990.0,1379,811,1014,1329,2708,0,44652.0,32.379985496736765,0.6349531847225981,1014,495487.0,0.02032683066857356,1014,495487.0
1995.0,1382,813,1046,1331,2713,0,47994.0,34.72793053545586,0.6378555345651642,1046,499556.0,0.019516561137054134,1046,499556.0
2000.0,1378,817,1070,1336,2714,0,51691.0,37.51161103047895,0.5426773577663077,1070,502766.0,0.015990404885259966,1070,502766.0
2005.0,1378,816,1076,1339,2717,0,54419.0,39.49129172714078,0.4943722248128665,1076,505207.0,0.014462314625250645,1076,505207.0
2010.0,1377,822,1096,1341,2718,0,58161.0,42.23747276688453,0.4554115548959152,1096,510031.0,0.012866369847942098,1096,510031.0
2015.0,1371,824,1101,1348,2719,0,61919.0,45.16338439095551,0.385317037797069,1101,514968.0,0.01225024537092841,1101,514968.0
2020.0,1371,824,1087,1350,2721,0,64729.0,47.21298322392414,0.37176675106431667,1087,519817.0,0.012758200588748086,1087,519817.0
2025.0,1371,825,1103,1351,2722,0,68433.0,49.91466083150985,0.35948073873964637,1103,524607.0,0.012371596309033266,1103,524607.0
2030.0,1375,825,1119,1351,2726,0,72783.0,52.93309090909091,0.3461155777662493,1119,529149.0,0.01135322828719269,1119,529149.0
2035.0,1376,829,1166,1352,2728,0,77968.0,56.66279069767442,0.2975558722202592,1166,534336.0,0.008428813832856957,1166,534336.0
2040.0,1372,833,1196,1356,2728,0,83421.0,60.802478134110785,0.22965564014576628,1196,538775.0,0.006587674709066327,1196,538775.0
2045.0,1366,839,1212,1362,2728,0,89064.0,65.20058565153734,0.16700210357305725,1212,543973.0,0.006041723540579988,1212,543973.0
2050.0,1365,839,1221,1366,2731,0,93987.0,68.85494505494505,0.14061035836603258,1221,548720.0,0.0069105692262458815,1221,548720.0
2055.0,1363,841,1176,1370,2733,0,91608.0,67.2105649303008,0.17726054326513108,1176,546523.0,0.0097345124380624,1176,546523.0
2060.0,1364,846,1151,1370,2734,0,86026.0,63.06891495601173,0.23752711375384367,1151,550623.0,0.012014531402686976,1151,550623.0
2065.0,1364,846,1173,1371,2735,0,86667.0,63.53885630498534,0.22608636588053382,1173,554627.0,0.009679886453266397,1173,554627.0
2070.0,1366,852,1182,1371,2737,0,87581.0,64.11493411420204,0.24526877946787162,1182,558296.0,0.010143278985100838,1182,558296.0
2075.0,1366,857,1172,1371,2737,0,88937.0,65.10761346998535,0.26087457116814566,1172,556477.0,0.009068819315198864,1172,556477.0
2080.0,1367,859,1147,1371,2738,0,88392.0,64.66130212143379,0.32493058047185536,1147,561025.0,0.01117299000951992,1147,561025.0
2085.0,1368,860,1148,1371,2739,0,90025.0,65.8077485380117,0.34931064399122785,1148,565543.0,0.010611599854486483,1148,565543.0
2090.0,1368,866,1149,1371,2739,0,90852.0,66.41228070175438,0.3570114647623962,1149,568546.0,0.009648486842044748,1149,568546.0
2095.0,1370,868,1134,1371,2741,0,92016.0,67.16496350364963,0.41779819507015337,1134,564939.0,0.011231669457425078,1134,564939.0
2100.0,1374,867,1095,1371,2745,0,90727.0,66.03129548762736,0.5397925420108016,1095,565060.0,0.015458127921891412,1095,565060.0
2105.0,1375,870,1097,1371,2746,0,91063.0,66.22763636363636,0.5827958062605082,1097,568258.0,0.015181130605644261,1097,568258.0
2110.0,1376,870,1041,1371,2747,0,86939.0,63.182412790697676,0.6836254080175894,1041,566224.0,0.01804865257683265,1041,566224.0
2115.0,1374,873,986,1374,2748,0,76432.0,55.627365356622995,0.7189202398529073,986,566670.0,0.020685925310033954,986,566670.0
2120.0,1371,875,988,1380,2751,0,71384.0,52.06710430342815,0.6900645487690671,988,569192.0,0.02014680359127122,988,569192.0
2125.0,1371,875,1011,1382,2753,0,68183.0,49.73231218088986,0.7005125476154351,1011,571635.0,0.02044602223631094,1011,571635.0
2130.0,1374,874,1019,1383,2757,0,65978.0,48.01892285298399,0.6993112323110101,1019,573026.0,0.021005051935948888,1019,573026.0
2135.0,1370,874,973,1389,2759,0,61581.0,44.94963503649635,0.691574853577634,973,570100.0,0.022724738761639083,973,570100.0
2140.0,1372,873,923,1391,2763,0,53746.0,39.173469387755105,0.826295910813768,923,569588.0,0.03003097264646406,923,569588.0
2145.0,1371,876,865,1394,2765,0,46035.0,33.57768052516411,0.9741125796288608,865,562453.0,0.03468613154742922,865,562453.0
2150.0,1374,874,859,1396,2770,0,41641.0,30.306404657933044,1.0245290852101463,859,564114.0,0.03538561520787598,859,564114.0
2155.0,1377,870,894,1398,2775,0,40925.0,29.720406681190994,0.9647225907576474,894,564566.0,0.030283376373119196,894,564566.0
2160.0,1377,871,926,1402,2779,0,40296.0,29.263616557734206,0.8805821334573551,926,564956.0,0.02801060627404709,926,564956.0
2165.0,1371,876,859,1412,2783,0,37694.0,27.49380014587892,0.842140073058665,859,561593.0,0.029818305342539615,859,561593.0
2170.0,1371,872,824,1419,2790,0,35498.0,25.89204959883297,0.8707740566628507,824,561578.0,0.03393967826983709,824,561578.0
2175.0,1369,872,813,1424,2793,0,33709.0,24.623082542001463,0.871879689659928,813,562019.0,0.03452149163025449,813,562019.0
2180.0,1371,872,849,1425,2796,0,31778.0,23.178701677607584,0.9143518674315689,849,560906.0,0.036250772622038005,849,560906.0
2185.0,1377,869,858,1425,2802,0,31861.0,23.137981118373276,0.994144046983251,858,557053.0,0.03992855282894924,858,557053.0
2190.0,1378,869,857,1427,2805,0,31996.0,23.219158200290277,1.0097058744515983,857,555443.0,0.03869982348974568,857,555443.0
2195.0,1375,873,871,1431,2806,0,33151.0,24.10981818181818,0.980309953350534,871,554371.0,0.034818426257262995,871,554371.0
2200.0,1371,877,903,1438,2809,0,34023.0,24.816192560175054,0.9336081814028626,903,554307.0,0.033466909552711685,903,554307.0
2205.0,1365,877,889,1446,2811,0,34468.0,25.25128205128205,0.829620550919028,889,554167.0,0.029991837152159802,889,554167.0
2210.0,1363,875,879,1452,2815,0,34447.0,25.27292736610418,0.7801367878571376,879,555883.0,0.029883280432635266,879,555883.0
2215.0,1361,874,917,1456,2817,0,35878.0,26.361498897869215,0.702463655656557,917,557250.0,0.02607660880618742,917,557250.0
2220.0,1362,876,932,1456,2818,0,36207.0,26.583700440528634,0.6751702071099795,932,558489.0,0.024623661264177095,932,558489.0
2225.0,1356,875,923,1465,2821,0,37306.0,27.5117994100295,0.6166105435223588,923,552478.0,0.024127079085266304,923,552478.0
2230.0,1355,877,929,1467,2822,0,38788.0,28.62583025830258,0.624967206311487,929,553185.0,0.023899660319756304,929,553185.0
2235.0,1359,873,960,1468,2827,0,41253.0,30.35540838852097,0.6227721754147114,960,553021.0,0.022080403121372792,960,553021.0
2240.0,1359,876,1023,1469,2828,0,44664.0,32.86534216335541,0.5923830703159058,1023,555563.0,0.019108665409956208,1023,555563.0
2245.0,1349,875,995,1481,2830,0,47813.0,35.44329132690882,0.5291744817066605,995,551355.0,0.021274348416560868,995,551355.0
2250.0,1349,874,953,1486,2835,0,49265.0,36.51964418087472,0.5921823983049421,953,549551.0,0.025024145169718126,953,549551.0
2255.0,1352,873,953,1488,2840,0,50055.0,37.02292899408284,0.6335633137684071,953,550519.0,0.026009220985646488,953,550519.0
2260.0,1357,871,974,1489,2846,0,52477.0,38.671333824613114,0.6463596892162928,974,551919.0,0.024378649349847674,974,551919.0
2265.0,1363,866,970,1489,2852,0,53600.0,39.325018341892886,0.6523573426366821,970,554292.0,0.02437526669103869,970,554292.0
2270.0,1364,867,927,1489,2853,0,50259.0,36.846774193548384,0.6940309591971977,927,549009.0,0.025260244508121196,927,549009.0
2275.0,1367,867,905,1489,2856,0,44353.0,32.445501097293345,0.7320965638487853,905,549005.0,0.025728726445900803,905,549005.0
2280.0,1371,868,924,1490,2861,0,43543.0,31.760029175784098,0.700953333328673,924,548202.0,0.021522552363756324,924,548202.0
2285.0,1370,871,943,1492,2862,0,44150.0,32.22627737226277,0.6978863787559276,943,550650.0,0.02179612495201214,943,550650.0
2290.0,1366,869,955,1499,2865,0,45001.0,32.94363103953148,0.618907372825282,955,551407.0,0.020118788108404083,955,551407.0
2295.0,1364,875,992,1502,2866,0,46621.0,34.179618768328446,0.6163028468198795,992,552524.0,0.019917767024465648,992,552524.0
2300.0,1364,879,1002,1505,2869,0,47571.0,34.87609970674487,0.6241302593371866,1002,553969.0,0.02137302798324659,1002,553969.0
2305.0,1361,881,989,1509,2870,0,48260.0,35.45922116091109,0.63659530033771,989,551922.0,0.022302493024902836,989,551922.0
2310.0,1356,880,991,1516,2872,0,49483.0,36.49188790560472,0.6315671764880773,991,554480.0,0.02417874439030168,991,554480.0
2315.0,1352,882,996,1521,2873,0,49643.0,36.71819526627219,0.5971013700231893,996,555757.0,0.021841938895116784,996,555757.0
2320.0,1352,884,1009,1521,2873,0,51340.0,37.97337278106509,0.6542406783317846,1009,557251.0,0.02377318181692323,1009,557251.0
2325.0,1355,883,1030,1521,2876,0,52873.0,39.02066420664207,0.6436988858428104,1030,560253.0,0.02235537200756362,1030,560253.0
2330.0,1352,885,1031,1524,2876,0,53955.0,39.907544378698226,0.6580469991578093,1031,556116.0,0.02287624326077356,1031,556116.0
2335.0,1348,887,1002,1528,2876,0,54388.0,40.347181008902076,0.6973163852665496,1002,556953.0,0.02595370917444865,1002,556953.0
2340.0,1344,889,1011,1532,2876,0,54666.0,40.674107142857146,0.6788937244920815,1011,559547.0,0.025133253104803698,1011,559547.0
2345.0,1341,893,1019,1535,2876,0,55863.0,41.65771812080537,0.6645311579823684,1019,561927.0,0.024896747639532955,1019,561927.0
2350.0,1345,889,1040,1536,2881,0,57682.0,42.88624535315985,0.6478989098403583,1040,565060.0,0.024159822369971513,1040,565060.0
2355.0,1345,891,1053,1539,2884,0,59820.0,44.47583643122677,0.5937326055830048,1053,567628.0,0.022534469705636974,1053,567628.0
2360.0,1347,890,1030,1541,2888,0,60841.0,45.16778025241277,0.6098894491021206,1030,565567.0,0.02301806505907394,1030,565567.0
2365.0,1347,888,985,1545,2892,0,53539.0,39.746844840386046,0.718328239659155,985,564106.0,0.029220366378144156,985,564106.0
2370.0,1346,887,976,1551,2897,0,49563.0,36.82243684992571,0.8112898278410616,976,560595.0,0.03228085656439199,976,560595.0
2375.0,1348,882,974,1555,2903,0,46345.0,34.38056379821958,0.8527388185060325,974,561718.0,0.032135660434749413,974,561718.0
2380.0,1351,882,997,1556,2907,0,43124.0,31.920059215396,0.8128681315188498,997,564350.0,0.028365442153797348,997,564350.0
2385.0,1360,875,1005,1557,2917,0,40243.0,29.590441176470588,0.8230507973176483,1005,567170.0,0.030553846200224874,1005,567170.0
2390.0,1365,875,955,1558,2923,0,37923.0,27.782417582417583,0.8512115321706651,955,564452.0,0.03164947223417202,955,564452.0
2395.0,1360,876,936,1567,2927,0,35781.0,26.30955882352941,0.8145283273976551,936,567294.0,0.03240028216709786,936,567294.0
2400.0,1362,874,920,1568,2930,0,32906.0,24.16005873715125,0.9212952483754935,920,564120.0,0.03665849625198098,920,564120.0
2405.0,1365,872,899,1568,2933,0,28796.0,21.095970695970696,1.0203540994208384,899,566131.0,0.040588467448045486,899,566131.0
2410.0,1367,875,903,1568,2935,0,27890.0,20.40234089246525,1.0124022224195608,903,566219.0,0.037805511041212894,903,566219.0
2415.0,1369,878,873,1569,2938,0,26715.0,19.514243973703433,1.0256501068496728,873,567387.0,0.03816926574610801,873,567387.0
2420.0,1372,877,866,1569,2941,0,25755.0,18.77186588921283,1.0481428836706927,866,561741.0,0.03756001506562343,866,561741.0
2425.0,1363,875,793,1580,2943,0,23227.0,17.041085840058695,1.0480484629374522,793,562781.0,0.04319603391306009,793,562781.0
2430.0,1355,877,795,1588,2943,0,22348.0,16.4929889298893,0.9861710692194532,795,561518.0,0.04123267909383852,795,561518.0
2435.0,1346,877,810,1599,2945,0,22255.0,16.534175334323923,0.9125001727032475,810,561427.0,0.041228964489570995,810,561427.0
2440.0,1349,876,785,1600,2949,0,21553.0,15.977020014825797,1.0173475321992862,785,558107.0,0.047336769153995165,785,558107.0
2445.0,1352,877,739,1601,2953,0,19356.0,14.316568047337277,1.0871080214045228,739,556075.0,0.05093520926517687,739,556075.0
2450.0,1352,876,733,1605,2957,0,18187.0,13.451923076923077,1.124686316240974,733,554328.0,0.05372854027004085,733,554328.0
2455.0,1349,876,751,1611,2960,0,19026.0,14.103780578206079,1.0635603803131028,751,552368.0,0.05175804626781505,751,552368.0
2460.0,1351,875,760,1614,2965,0,19616.0,14.51961509992598,1.0832754475180155,760,543469.0,0.05213820298323664,760,543469.0
2465.0,1349,879,770,1618,2967,0,20212.0,14.98295033358043,1.0610731301161618,770,544558.0,0.049935527814110474,770,544558.0
2470.0,1355,872,761,1619,2974,0,19988.0,14.75129151291513,1.0728421477454613,761,539115.0,0.04761504727228529,761,539115.0
2475.0,1353,873,746,1625,2978,0,18256.0,13.492978566149297,1.0834613001237585,746,537429.0,0.04868574070306788,746,537429.0
2480.0,1354,871,752,1627,2981,0,18038.0,13.322008862629247,1.0783766158480197,752,531581.0,0.04525388460556852,752,531581.0
2485.0,1355,868,750,1631,2986,0,18816.0,13.886346863468635,1.1151044462241417,750,524176.0,0.0450071423893655,750,524176.0
2490.0,1358,864,800,1635,2993,0,19692.0,14.500736377025037,1.0972389318272162,800,520207.0,0.042130389860704165,800,520207.0
2495.0,1361,867,788,1636,2997,0,18927.0,13.906686260102866,1.0923012229184874,788,508455.0,0.036747347452606695,788,508455.0
2500.0,1365,864,768,1638,3003,0,18102.0,13.261538461538462,1.1386715641832574,768,507921.0,0.03901828082460572,768,507921.0
2505.0,1359,863,787,1647,3006,0,18770.0,13.811626195732156,1.0678152902109075,787,506658.0,0.03677357774053766,787,506658.0
2510.0,1363,861,820,1648,3011,0,19959.0,14.643433602347763,1.0407285608872276,820,505474.0,0.033416027392303004,820,505474.0
2515.0,1369,852,839,1652,3021,0,20347.0,14.862673484295106,0.9883309824737344,839,506530.0,0.03213694273828872,839,506530.0
2520.0,1373,847,874,1656,3029,0,22276.0,16.224326292789513,0.9175293534228492,874,507321.0,0.02871218493416151,874,507321.0
2525.0,1373,845,868,1660,3033,0,23829.0,17.355426074289877,0.8726488741786351,868,502816.0,0.02624033862704703,868,502816.0
2530.0,1372,840,901,1667,3039,0,25414.0,18.52332361516035,0.808434859208959,901,504843.0,0.02433211187576584,901,504843.0
2535.0,1373,836,941,1673,3046,0,27571.0,20.08084486525856,0.7321552039610726,941,505559.0,0.020958485530692458,941,505559.0
2540.0,1371,830,971,1682,3053,0,29913.0,21.818380743982495,0.6374170278676463,971,506520.0,0.01811389304113183,971,506520.0
2545.0,1368,826,908,1689,3057,0,30930.0,22.609649122807017,0.6314127315389252,908,503600.0,0.019825984706827254,908,503600.0
2550.0,1361,827,855,1697,3058,0,30332.0,22.286554004408522,0.6444175062190733,855,505568.0,0.024414889259330587,855,505568.0
2555.0,1360,827,906,1699,3059,0,32035.0,23.55514705882353,0.6210352064005342,906,506988.0,0.021385785881735047,906,506988.0
2560.0,1358,825,920,1703,3061,0,34545.0,25.438144329896907,0.5879094179626202,920,508738.0,0.020116550936618627,920,508738.0
2565.0,1356,823,926,1707,3063,0,37290.0,27.5,0.5266427805391095,926,509555.0,0.01816162967356859,926,509555.0
2570.0,1354,824,944,1711,3065,0,40370.0,29.815361890694238,0.4827720261245001,944,510802.0,0.01730323425419194,944,510802.0
2575.0,1357,823,964,1711,3068,0,43880.0,32.33603537214444,0.472142427796109,964,512628.0,0.016438605444163607,964,512628.0
2580.0,1358,825,1030,1711,3069,0,47787.0,35.18924889543446,0.445285432308345,1030,513802.0,0.01434713799473099,1030,513802.0
2585.0,1356,822,1035,1717,3073,0,50787.0,37.453539823008846,0.3927826684483062,1035,514147.0,0.015053301440106389,1035,514147.0
2590.0,1354,822,1040,1720,3074,0,54413.0,40.18685376661743,0.3638699640760384,1040,516837.0,0.01502610382872128,1040,516837.0
2595.0,1357,822,999,1720,3077,0,57084.0,42.06632277081798,0.42295120226352634,999,514506.0,0.01685449970370661,999,514506.0
2600.0,1358,818,988,1723,3081,0,58550.0,43.11487481590574,0.4319540341094218,988,516421.0,0.017585180245275365,988,516421.0
2605.0,1358,818,1018,1726,3084,0,60272.0,44.382916053019144,0.4162071962631978,1018,518361.0,0.016007348068982463,1018,518361.0
2610.0,1352,819,1042,1733,3085,0,62330.0,46.10207100591716,0.3781129650584574,1042,520835.0,0.01690737609398042,1042,520835.0
2615.0,1353,819,988,1735,3088,0,63650.0,47.043606799704364,0.45130699862984996,988,518256.0,0.020670157043692898,988,518256.0
2620.0,1356,817,960,1735,3091,0,64081.0,47.25737463126843,0.5062833323389268,960,520153.0,0.02268442751324293,960,520153.0
2625.0,1357,816,1000,1735,3092,0,66372.0,48.9108327192336,0.5167532490149412,1000,520463.0,0.020637774144839797,1000,520463.0
2630.0,1358,814,1037,1736,3094,0,69726.0,51.34462444771723,0.5262411969527915,1037,522522.0,0.020402352062921007,1037,522522.0
2635.0,1362,811,1038,1736,3098,0,72935.0,53.54992657856094,0.5248230398390391,1038,525078.0,0.01943132012853073,1038,525078.0
2640.0,1365,808,1043,1736,3101,0,76072.0,55.73040293040293,0.5083091267115375,1043,526273.0,0.018115878167845767,1043,526273.0
2645.0,1367,807,1068,1736,3103,0,79895.0,58.445501097293345,0.4700388917526058,1068,528876.0,0.01506403520985014,1068,528876.0
2650.0,1370,805,1080,1736,3106,0,83270.0,60.78102189781022,0.4606603957028607,1080,531708.0,0.01419959279559229,1080,531708.0
2655.0,1364,807,1042,1743,3107,0,77758.0,57.00733137829912,0.4397520616559779,1042,528412.0,0.015576938320225369,1042,528412.0
2660.0,1362,810,1055,1746,3108,0,70530.0,51.784140969163,0.4497235296697129,1055,529633.0,0.016192895174357652,1055,529633.0
2665.0,1363,809,1082,1748,3111,0,68610.0,50.33749082905356,0.42697819347767324,1082,530236.0,0.013583824409950393,1082,530236.0
2670.0,1364,806,1102,1751,3115,0,67136.0,49.219941348973606,0.4040458917176086,1102,529696.0,0.01375010419342208,1102,529696.0
2675.0,1364,805,1124,1754,3118,0,66597.0,48.82478005865103,0.3426936922224727,1124,532600.0,0.011445604148584462,1124,532600.0
2680.0,1362,807,1092,1756,3118,0,65723.0,48.254772393538914,0.3748417065162533,1092,531483.0,0.013121134059098137,1092,531483.0
2685.0,1360,808,1072,1758,3118,0,64380.0,47.338235294117645,0.4200179200329097,1072,532255.0,0.015577729927055963,1072,532255.0
2690.0,1358,809,1032,1760,3118,0,62673.0,46.150957290132546,0.516291821988084,1032,530836.0,0.019683146759839922,1032,530836.0
2695.0,1358,808,1015,1761,3119,0,62406.0,45.954344624447714,0.5845732799668538,1015,533885.0,0.022101984147002336,1015,533885.0
2700.0,1357,808,1000,1762,3119,0,61059.0,44.995578481945465,0.6332003442262254,1000,535198.0,0.023900939867655985,1000,535198.0
2705.0,1358,808,998,1763,3121,0,60600.0,44.62444771723122,0.6831716360191689,998,535838.0,0.027129534608136188,998,535838.0
2710.0,1359,807,991,1763,3122,0,59842.0,44.03384841795438,0.7320328178091323,991,537599.0,0.030411499210885554,991,537599.0
2715.0,1361,807,993,1763,3124,0,59812.0,43.947097722263045,0.741528193551295,993,538862.0,0.030686913004176055,993,538862.0
2720.0,1356,805,980,1771,3127,0,59648.0,43.9882005899705,0.7122712066599428,980,536162.0,0.03152670442486332,980,536162.0
2725.0,1354,806,946,1774,3128,0,54053.0,39.920974889217135,0.7468455267394869,946,538079.0,0.03328577862650021,946,538079.0
2730.0,1355,809,931,1774,3129,0,49548.0,36.56678966789668,0.8139160034175178,931,532766.0,0.033522138223488804,931,532766.0
2735.0,1359,807,904,1775,3134,0,46951.0,34.54819720382634,0.9232953027317569,904,532781.0,0.037024555362854934,904,532781.0
2740.0,1360,805,918,1777,3137,0,45471.0,33.434558823529414,0.9264925189708871,918,533766.0,0.03479246242355814,918,533766.0
2745.0,1357,801,884,1785,3142,0,37222.0,27.429624170965365,0.936861793098639,884,523999.0,0.03703137266872972,884,523999.0
2750.0,1360,795,888,1788,3148,0,33491.0,24.625735294117646,0.946624548147693,888,526143.0,0.037808481695481976,888,526143.0
2755.0,1355,794,889,1795,3150,0,31168.0,23.002214022140222,0.8429033712172522,889,524689.0,0.03217147478868622,889,524689.0
2760.0,1358,791,907,1795,3153,0,30603.0,22.535346097201767,0.814332516612241,907,524799.0,0.02887914385381385,907,524799.0
2765.0,1359,789,922,1796,3155,0,30166.0,22.1972038263429,0.7389340081545892,922,523745.0,0.022654655087174062,922,523745.0
2770.0,1364,785,931,1796,3160,0,32237.0,23.6341642228739,0.7252468309700202,931,525580.0,0.020675066882665353,931,525580.0
2775.0,1364,784,926,1798,3162,0,34283.0,25.1341642228739,0.7241352602858043,926,522777.0,0.019156765356768916,926,522777.0
2780.0,1365,781,885,1802,3167,0,33717.0,24.701098901098902,0.8213951343290342,885,519007.0,0.024233929697994698,885,519007.0
2785.0,1366,774,899,1808,3174,0,34740.0,25.431918008784773,0.8331165610321677,899,520394.0,0.02491386791866024,899,520394.0
2790.0,1366,770,929,1812,3178,0,36192.0,26.494875549048317,0.8105043976346679,929,519209.0,0.0226107633220166,929,519209.0
2795.0,1362,767,971,1819,3181,0,39114.0,28.718061674008812,0.7608760867107957,971,518810.0,0.022066601844212694,971,518810.0
2800.0,1357,766,964,1826,3183,0,40965.0,30.187914517317612,0.7019388846829363,964,520205.0,0.020911203857385617,964,520205.0
2805.0,1357,764,978,1829,3186,0,43258.0,31.877671333824612,0.6771928212182122,978,523180.0,0.019697186402323062,978,523180.0
2810.0,1355,759,1021,1836,3191,0,46335.0,34.19557195571956,0.6525884235423165,1021,525305.0,0.02217532905398463,1021,525305.0
2815.0,1358,755,1000,1838,3196,0,46058.0,33.9160530191458,0.6825045070299695,1000,522777.0,0.023138025818069913,1000,522777.0
2820.0,1359,753,971,1840,3199,0,43064.0,31.688005886681385,0.8167234493176961,971,521223.0,0.029968559517808562,971,521223.0
2825.0,1361,750,976,1843,3204,0,42582.0,31.28728875826598,0.8776495076083161,976,524522.0,0.0323909937961719,976,524522.0
2830.0,1361,748,986,1845,3206,0,43699.0,32.10800881704629,0.8893107299226268,986,526013.0,0.032127950928244116,986,526013.0
2835.0,1363,742,995,1849,3212,0,45073.0,33.06896551724138,0.8546992011940138,995,528414.0,0.03209261110184256,995,528414.0
2840.0,1356,741,962,1859,3215,0,44587.0,32.88126843657817,0.7705368090959235,962,525969.0,0.030831734905809063,962,525969.0
2845.0,1357,736,892,1863,3220,0,34131.0,25.1518054532056,0.807452008164297,892,527533.0,0.03426118937792255,892,527533.0
2850.0,1360,732,943,1865,3225,0,33708.0,24.78529411764706,0.7767321592618369,943,528936.0,0.03013159627439587,943,528936.0
2855.0,1362,727,988,1868,3230,0,34626.0,25.422907488986784,0.7022847295866705,988,530677.0,0.024634356116500743,988,530677.0
2860.0,1365,721,927,1871,3236,0,30419.0,22.284981684981684,0.7323001227651486,927,526009.0,0.025945873995433383,927,526009.0
2865.0,1372,714,914,1871,3243,0,26699.0,19.45991253644315,0.8609024760574397,914,522623.0,0.030694185900496603,914,522623.0
2870.0,1375,710,954,1874,3249,0,25441.0,18.502545454545455,0.8349624611964428,954,524982.0,0.02703078418880497,954,524982.0
2875.0,1375,705,999,1879,3254,0,27064.0,19.682909090909092,0.7817734090318863,999,527721.0,0.02372432777569598,999,527721.0
2880.0,1372,700,1032,1888,3260,0,29473.0,21.48177842565598,0.6514897239944523,1032,531126.0,0.020109177967522845,1032,531126.0
2885.0,1374,696,965,1891,3265,0,28707.0,20.893013100436683,0.6986592099380284,965,527314.0,0.02329140169596179,965,527314.0
2890.0,1376,693,961,1892,3268,0,27613.0,20.067587209302324,0.7218827206702731,961,529584.0,0.023064980071098057,961,529584.0
2895.0,1379,691,976,1892,3271,0,28410.0,20.60188542422045,0.7075736669873327,976,530001.0,0.019195934337978036,976,530001.0
2900.0,1377,687,958,1898,3275,0,28666.0,20.81771968046478,0.6788820948678672,958,532005.0,0.019370856404111746,958,532005.0
2905.0,1373,685,914,1904,3277,0,26584.0,19.361981063364894,0.7006145484188434,914,527741.0,0.02250026064262109,914,527741.0
2910.0,1375,686,906,1904,3279,0,26977.0,19.619636363636364,0.7610259785478933,906,529479.0,0.024687862972831754,906,529479.0
2915.0,1372,687,907,1908,3280,0,28065.0,20.455539358600582,0.780598270712362,907,532231.0,0.0271554278380496,907,532231.0
2920.0,1365,688,886,1915,3280,0,29497.0,21.60952380952381,0.756924786205407,886,535632.0,0.029512006634346964,886,535632.0
2925.0,1362,686,873,1920,3282,0,31033.0,22.7848751835536,0.7902192159001632,873,532789.0,0.03306779814238053,873,532789.0
2930.0,1360,684,843,1924,3284,0,32465.0,23.871323529411764,0.8088967265666771,843,533994.0,0.03473195680078903,843,533994.0
2935.0,1363,681,861,1924,3287,0,34630.0,25.407190022010273,0.812646988491812,861,535309.0,0.03240661913310944,861,535309.0
2940.0,1361,679,871,1928,3289,0,36477.0,26.801616458486407,0.7666538016732337,871,535877.0,0.030933383012002293,871,535877.0
2945.0,1354,679,832,1935,3289,0,34435.0,25.43205317577548,0.765794584536148,832,531658.0,0.03373545582905374,832,531658.0
2950.0,1355,675,830,1938,3293,0,31948.0,23.577859778597787,0.7731605160297208,830,532092.0,0.03402025527155273,830,532092.0
2955.0,1359,671,813,1938,3297,0,32127.0,23.6401766004415,0.8365457935401072,813,529712.0,0.03589534874197502,813,529712.0
2960.0,1358,670,836,1940,3298,0,32829.0,24.174521354933727,0.8565324248921836,836,531661.0,0.037212296025257725,836,531661.0
2965.0,1355,670,830,1944,3299,0,33462.0,24.695202952029522,0.8630800995784387,830,527395.0,0.03908404588401125,830,527395.0
2970.0,1355,667,824,1948,3303,0,34169.0,25.216974169741697,0.9547873887632622,824,523970.0,0.043929332910121494,824,523970.0
2975.0,1358,662,851,1951,3309,0,35145.0,25.879970544918997,0.9715163688168951,851,524285.0,0.04245648982005623,851,524285.0
2980.0,1364,656,880,1951,3315,0,35371.0,25.931818181818183,1.0256908898367652,880,522864.0,0.043339821830553404,880,522864.0
2985.0,1370,648,918,1954,3324,0,36918.0,26.947445255474452,0.9697722344914661,918,523498.0,0.040381430487457154,918,523498.0
2990.0,1371,641,897,1960,3331,0,38010.0,27.72428884026258,0.9424190981607133,897,519977.0,0.03997132253343984,897,519977.0
2995.0,1373,636,889,1964,3337,0,39245.0,28.583394027676622,0.9755276933086151,889,518129.0,0.040635991817271906,889,518129.0
3000.0,1380,628,896,1965,3345,0,38813.0,28.12536231884058,0.9618121265403735,896,515442.0,0.03639406900910581,896,515442.0
3005.0,1382,623,918,1968,3350,0,39766.0,28.77424023154848,0.9032841203251489,918,516937.0,0.03169581653283853,918,516937.0
3010.0,1385,615,931,1973,3358,0,41961.0,30.296750902527076,0.8503994203000628,931,517717.0,0.030699534300530063,931,517717.0
3015.0,1385,611,945,1977,3362,0,44447.0,32.09169675090253,0.8002217391464601,945,518889.0,0.029849531328588228,945,518889.0
3020.0,1386,607,965,1980,3366,0,47066.0,33.95815295815296,0.7752242160542285,965,521744.0,0.03017549629146876,965,521744.0
3025.0,1391,601,948,1982,3373,0,49531.0,35.60819554277498,0.8501697800451075,948,515629.0,0.03505746868644469,948,515629.0
3030.0,1388,597,965,1990,3378,0,52572.0,37.87608069164265,0.7928329500107751,965,517213.0,0.03385008886719572,965,517213.0
3035.0,1386,594,998,1995,3381,0,54153.0,39.07142857142857,0.7347923575260976,998,518251.0,0.0302742680181433,998,518251.0
3040.0,1389,589,1034,1997,3386,0,56290.0,40.525557955363574,0.6816371341364406,1034,519371.0,0.02636019078856559,1034,519371.0
3045.0,1391,586,1054,1998,3389,0,59871.0,43.04169662113588,0.6929860341699696,1054,517845.0,0.02570321995357325,1054,517845.0
3050.0,1388,584,991,2003,3391,0,61200.0,44.09221902017291,0.7510813997648819,991,514002.0,0.028596578186774548,991,514002.0
3055.0,1380,582,972,2013,3393,0,62270.0,45.1231884057971,0.8177457126731823,972,508432.0,0.03132201481599615,972,508432.0
3060.0,1375,581,964,2019,3394,0,64793.0,47.122181818181815,0.8258278257129306,964,509530.0,0.030256291122466562,964,509530.0
3065.0,1380,576,955,2019,3399,0,58997.0,42.75144927536232,0.8854780504997712,955,507723.0,0.03013044054248246,955,507723.0
3070.0,1380,577,929,2019,3399,0,51456.0,37.28695652173913,0.8880478054802483,929,507324.0,0.027923572052517387,929,507324.0
3075.0,1382,577,903,2019,3401,0,46987.0,33.999276410998554,0.986864802182769,903,501428.0,0.030637356741554465,903,501428.0
3080.0,1383,577,896,2019,3402,0,44951.0,32.502530730296456,1.0473092402686357,896,500705.0,0.032078051175511615,896,500705.0
3085.0,1382,574,897,2023,3405,0,43541.0,31.505788712011576,1.0713760446059084,897,498872.0,0.03339944190351346,897,498872.0
3090.0,1380,569,920,2030,3410,0,43066.0,31.207246376811593,1.0283268672792922,920,497189.0,0.03260658006861516,920,497189.0
3095.0,1381,567,933,2031,3412,0,43371.0,31.40550325850833,1.006465175459529,933,496397.0,0.029202054886003956,933,496397.0
3100.0,1384,563,931,2032,3416,0,43662.0,31.547687861271676,1.0301987147276603,931,497942.0,0.02985690158276164,931,497942.0
3105.0,1382,563,928,2035,3417,0,43440.0,31.432706222865413,1.0356612266410774,928,493398.0,0.029147970360945418,928,493398.0
3110.0,1375,558,910,2047,3422,0,43190.0,31.41090909090909,1.0127649307424567,910,492336.0,0.03131867554406782,910,492336.0
3115.0,1366,554,906,2060,3426,0,43477.0,31.82796486090776,0.9388892056741094,906,491734.0,0.03058879939749221,906,491734.0
3120.0,1365,550,891,2065,3430,0,42578.0,31.192673992673992,0.9261291440176443,891,488283.0,0.027624586286624103,891,488283.0
3125.0,1362,549,867,2069,3431,0,38106.0,27.97797356828194,0.9333984244900556,867,486929.0,0.02819986028194759,867,486929.0
3130.0,1355,548,894,2077,3432,0,36617.0,27.02361623616236,0.878436860232364,894,486174.0,0.027375086323364127,894,486174.0
3135.0,1352,547,876,2081,3433,0,35197.0,26.03328402366864,0.868694959102499,876,484266.0,0.028195248961037745,876,484266.0
3140.0,1354,541,821,2085,3439,0,31178.0,23.02658788774003,0.9501332233999561,821,476903.0,0.03456061783680027,821,476903.0
3145.0,1352,539,807,2089,3441,0,28247.0,20.89275147928994,0.9594790576701586,807,477233.0,0.03592242955210469,807,477233.0
3150.0,1352,535,793,2093,3445,0,25066.0,18.53994082840237,0.9653021704913899,793,471566.0,0.03433785893135938,793,471566.0
3155.0,1352,534,750,2096,3448,0,21895.0,16.194526627218934,1.0716878825206053,750,470630.0,0.0387345445409356,750,470630.0
3160.0,1354,529,752,2100,3454,0,21175.0,15.638847858197932,1.1831838314441956,752,465522.0,0.042290166326996226,752,465522.0
3165.0,1353,526,763,2105,3458,0,19784.0,14.622320768662233,1.2688480862992297,763,460202.0,0.04219860093450772,763,460202.0
3170.0,1345,522,764,2117,3462,0,19553.0,14.537546468401487,1.2711544916882125,764,460757.0,0.0451220558914248,764,460757.0
3175.0,1344,520,717,2120,3464,0,16513.0,12.286458333333334,1.328017737711662,717,459185.0,0.04817453914921347,717,459185.0
3180.0,1345,519,649,2122,3467,0,12114.0,9.006691449814127,1.536254675370154,649,455428.0,0.06150051412113985,649,455428.0
3185.0,1348,511,638,2127,3475,0,11870.0,8.805637982195845,1.6756749890999196,638,450070.0,0.06752341314555724,638,450070.0
3190.0,1353,505,636,2128,3481,0,11738.0,8.675535846267554,1.8362996465782602,636,444232.0,0.06951028496940878,636,444232.0
3195.0,1352,502,616,2132,3484,0,11402.0,8.433431952662723,1.8685862965640054,616,442281.0,0.06955751443388213,616,442281.0
3200.0,1350,502,684,2134,3484,0,12347.0,9.145925925925926,1.7920380181207634,684,442111.0,0.06330242619464072,684,442111.0
3205.0,1347,499,703,2140,3487,0,14011.0,10.401633259094284,1.7474609082599137,703,442857.0,0.06336938724362252,703,442857.0
3210.0,1348,495,704,2143,3491,0,15089.0,11.193620178041543,1.7103499952231578,704,442644.0,0.06199468248899255,704,442644.0
3215.0,1342,489,719,2155,3497,0,16044.0,11.955290611028316,1.59541007933672,719,442110.0,0.06048612762341133,719,442110.0
3220.0,1333,484,733,2169,3502,0,17420.0,13.068267066766692,1.4279936789658707,733,442425.0,0.05657114506888459,733,442425.0
3225.0,1328,478,713,2180,3508,0,17259.0,12.996234939759036,1.3869584663954344,713,440550.0,0.057823198496618745,713,440550.0
3230.0,1328,471,727,2187,3515,0,17882.0,13.465361445783133,1.3601735465534077,727,437634.0,0.05536230939347513,727,437634.0
3235.0,1333,460,759,2193,3526,0,18752.0,14.067516879219806,1.3858997608762638,759,437833.0,0.05823087205452576,759,437833.0
3240.0,1332,449,762,2205,3537,0,18340.0,13.76876876876877,1.32155560081447,762,430893.0,0.05739432237299176,762,430893.0
3245.0,1336,438,745,2212,3548,0,15818.0,11.839820359281438,1.2768078447651063,745,429880.0,0.05594168729579666,745,429880.0
3250.0,1327,435,730,2224,3551,0,14018.0,10.563677467972871,1.130936180163902,730,430547.0,0.04978208576520212,730,430547.0
3255.0,1328,426,738,2232,3560,0,13155.0,9.905873493975903,1.0404255006283405,738,431678.0,0.04655586764090492,738,431678.0
3260.0,1329,423,716,2235,3564,0,12988.0,9.772761474793077,1.0896232090580027,716,429107.0,0.05043299860019831,716,429107.0
3265.0,1338,411,734,2238,3576,0,13115.0,9.801943198804185,1.1260362382338565,734,429931.0,0.05295605207465501,734,429931.0
3270.0,1342,406,738,2239,3581,0,13339.0,9.939642324888226,1.11127491910312,738,430498.0,0.049406173247752615,738,430498.0
3275.0,1349,398,745,2240,3589,0,14119.0,10.466271312083025,1.1058381852252057,745,431348.0,0.04912408159447125,745,431348.0
3280.0,1355,390,745,2242,3597,0,15502.0,11.440590405904059,1.066590778469125,745,429002.0,0.04493409460115586,745,429002.0
3285.0,1364,380,756,2243,3607,0,17178.0,12.593841642228739,1.0346992603086536,756,429710.0,0.040731333783747346,756,429710.0
3290.0,1360,375,800,2252,3612,0,19070.0,14.022058823529411,0.927939619152456,800,428972.0,0.035549029312913,800,428972.0
3295.0,1362,366,843,2259,3621,0,21646.0,15.8928046989721,0.9081294382466473,843,431012.0,0.0368443709665053,843,431012.0
3300.0,1361,360,878,2266,3627,0,24304.0,17.857457751653197,0.824011627541162,878,431914.0,0.03468434076173527,878,431914.0
3305.0,1361,355,888,2271,3632,0,26246.0,19.28434974283615,0.7558512638821503,888,432937.0,0.032261155262726424,888,432937.0
3310.0,1363,350,899,2274,3637,0,28628.0,21.00366837857667,0.7278103030117068,899,434351.0,0.031618618606739195,899,434351.0
3315.0,1367,345,871,2275,3642,0,30295.0,22.161667885881492,0.735980946111315,871,433025.0,0.03028154647737577,871,433025.0
3320.0,1371,336,867,2280,3651,0,32206.0,23.490882567469,0.7236582066855536,867,435313.0,0.03085010559569791,867,435313.0
3325.0,1372,332,914,2283,3655,0,35090.0,25.575801749271136,0.6950286112132172,914,437246.0,0.027758035401420925,914,437246.0
3330.0,1378,326,960,2283,3661,0,38275.0,27.77576197387518,0.7158480679356818,960,439328.0,0.027391376144213855,960,439328.0
3335.0,1374,325,992,2288,3662,0,41704.0,30.352256186317323,0.6712203582703681,992,441928.0,0.026659096720488922,992,441928.0
3340.0,1372,325,1004,2290,3662,0,45371.0,33.069241982507286,0.6181779959343114,1004,444264.0,0.023600759622204395,1004,444264.0
3345.0,1367,323,1027,2297,3664,0,48983.0,35.832479882955376,0.5359992793321323,1027,446193.0,0.0217677120713126,1027,446193.0
3350.0,1366,323,1036,2299,3665,0,52236.0,38.24011713030747,0.45110670942929443,1036,448109.0,0.01592282687182281,1036,448109.0
3355.0,1365,321,1054,2302,3667,0,55519.0,40.673260073260074,0.43062940639300085,1054,450834.0,0.015973193194910616,1054,450834.0
3360.0,1373,313,1068,2302,3675,0,59325.0,43.20830298616169,0.4848684031971426,1068,453797.0,0.019960071737936905,1068,453797.0
3365.0,1376,308,1107,2305,3681,0,63415.0,46.08648255813954,0.45197799299561153,1107,457014.0,0.01917220936864396,1107,457014.0
3370.0,1375,308,1136,2308,3683,0,67677.0,49.21963636363636,0.4409946825822577,1136,460429.0,0.020385485806158937,1136,460429.0
3375.0,1375,303,1155,2313,3688,0,71882.0,52.27781818181818,0.3956460968523079,1155,463942.0,0.02075279672001142,1155,463942.0
3380.0,1375,300,1113,2316,3691,0,66368.0,48.26763636363636,0.41726220170362577,1113,461520.0,0.02201375463900027,1113,461520.0
3385.0,1378,294,1089,2319,3697,0,61173.0,44.392597968069666,0.47894155682886935,1089,461828.0,0.02434239080345106,1089,461828.0
3390.0,1380,290,1103,2321,3701,0,59957.0,43.447101449275365,0.6069198952397344,1103,457326.0,0.026538582690764888,1103,457326.0
3395.0,1383,287,1099,2322,3705,0,58727.0,42.46348517715112,0.7536260757370716,1099,454426.0,0.027810133748804516,1099,454426.0
3400.0,1387,283,1115,2322,3709,0,58053.0,41.855082912761354,0.8171970262153269,1115,456000.0,0.028255368938936758,1115,456000.0
3405.0,1391,279,1136,2322,3713,0,58650.0,42.163910855499644,0.7974961719344393,1136,457694.0,0.02600740143042192,1136,457694.0
3410.0,1392,277,1147,2323,3715,0,58984.0,42.37356321839081,0.7879966593036268,1147,459027.0,0.025462586150479256,1147,459027.0
3415.0,1399,270,1111,2323,3722,0,56948.0,40.706218727662616,0.8276575044837002,1111,454150.0,0.027441099314808388,1111,454150.0
3420.0,1406,264,1094,2323,3729,0,57882.0,41.167852062588906,0.8551844956554085,1094,455731.0,0.027287609940903245,1094,455731.0
3425.0,1409,260,1101,2324,3733,0,59283.0,42.07452093683464,0.895393118838472,1101,455092.0,0.02839993019838404,1101,455092.0
3430.0,1411,258,1085,2324,3735,0,59123.0,41.90148830616584,0.8991032337183805,1085,455573.0,0.02656911434331409,1085,455573.0
3435.0,1414,255,1103,2324,3738,0,60674.0,42.909476661951906,0.8563481610652305,1103,458761.0,0.02195863129652682,1103,458761.0
3440.0,1411,252,1118,2330,3741,0,62710.0,44.44365698086464,0.7842832515000249,1118,460406.0,0.020618383997750997,1118,460406.0
3445.0,1406,249,1121,2338,3744,0,64521.0,45.88975817923186,0.681003004964574,1121,463651.0,0.01902527782070481,1121,463651.0
3450.0,1398,250,1098,2346,3744,0,63148.0,45.17024320457797,0.6567202035353641,1098,462808.0,0.020325708887568173,1098,462808.0
3455.0,1386,249,1070,2359,3745,0,62333.0,44.973304473304474,0.6306619891582933,1070,463122.0,0.022085722867056717,1070,463122.0
3460.0,1378,248,1054,2368,3746,0,62090.0,45.05805515239477,0.6355622123527643,1054,464321.0,0.024308023007274582,1054,464321.0
3465.0,1377,248,994,2369,3746,0,57241.0,41.56935366739288,0.7489432004362137,994,462811.0,0.029051323731132877,994,462811.0
3470.0,1376,246,977,2372,3748,0,53081.0,38.57630813953488,0.7735646142888915,977,462162.0,0.03047226013571267,977,462162.0
3475.0,1376,242,989,2376,3752,0,50885.0,36.98037790697674,0.7779306294328784,989,463485.0,0.03139179963682655,989,463485.0
3480.0,1374,240,981,2380,3754,0,50292.0,36.60262008733624,0.7414161336418286,981,466857.0,0.03057744783856412,981,466857.0
3485.0,1373,237,933,2384,3757,0,47609.0,34.67516387472688,0.766210283812518,933,464721.0,0.0323783960588657,933,464721.0
3490.0,1374,236,895,2384,3758,0,45028.0,32.77147016011645,0.8676970097376133,895,464904.0,0.034955537999442524,895,464904.0
3495.0,1376,234,916,2384,3760,0,45753.0,33.250726744186046,1.0113740983105157,916,460587.0,0.037521594865340596,916,460587.0
3500.0,1378,232,924,2384,3762,0,46330.0,33.62119013062409,1.1661994397772335,924,457975.0,0.03826001435630317,924,457975.0
3505.0,1382,227,922,2385,3767,0,47633.0,34.46671490593343,1.3486406638555313,922,452735.0,0.04291927854641219,922,452735.0
3510.0,1387,219,893,2388,3775,0,47124.0,33.97548666186013,1.4296203046235214,893,454109.0,0.048816197442949856,893,454109.0
3515.0,1385,216,890,2394,3779,0,47615.0,34.37906137184115,1.3376437728231148,890,456276.0,0.045465573718221866,890,456276.0
3520.0,1383,212,900,2400,3783,0,48003.0,34.70932754880694,1.318659188783843,900,457750.0,0.047728092348566516,900,457750.0
3525.0,1382,210,884,2403,3785,0,47992.0,34.72648335745296,1.3452478580872824,884,454131.0,0.049447317020835456,884,454131.0
3530.0,1381,206,872,2408,3789,0,48367.0,35.023171614771904,1.3941139357189987,872,454411.0,0.054231489001418026,872,454411.0
3535.0,1381,200,870,2414,3795,0,47500.0,34.39536567704562,1.3697544018858079,870,452600.0,0.053981886449352645,870,452600.0
3540.0,1381,198,884,2416,3797,0,47789.0,34.60463432295438,1.3444824242404496,884,453825.0,0.050974019636359974,884,453825.0
3545.0,1375,197,870,2423,3798,0,47772.0,34.743272727272725,1.2698177164071058,870,450835.0,0.047488152016536805,870,450835.0
3550.0,1368,196,865,2431,3799,0,48158.0,35.203216374269005,1.21310683438369,865,451023.0,0.04627872847309568,865,451023.0
3555.0,1363,193,888,2439,3802,0,49115.0,36.03448275862069,1.1803546896354304,888,449228.0,0.04625069770604169,888,449228.0
3560.0,1352,189,870,2454,3806,0,49763.0,36.80695266272189,1.0565377340969277,870,449616.0,0.04419543635671522,870,449616.0
3565.0,1340,188,850,2467,3807,0,50772.0,37.88955223880597,0.9444657630156468,850,448699.0,0.042084106223682055,850,448699.0
3570.0,1339,184,832,2472,3811,0,52053.0,38.87453323375654,0.9654141687832868,832,449077.0,0.0443628772043759,832,449077.0
3575.0,1339,183,837,2473,3812,0,54235.0,40.50410754294249,0.9358201076397278,837,452014.0,0.0404137422834964,837,452014.0
3580.0,1345,176,868,2474,3819,0,57229.0,42.54944237918215,0.9730903906141543,868,452477.0,0.042349067867845216,868,452477.0
3585.0,1349,167,869,2479,3828,0,60475.0,44.8295033358043,1.0074536111605246,869,449345.0,0.04657721876330765,869,449345.0
3590.0,1347,163,871,2485,3832,0,62756.0,46.5894580549369,0.9946290856806275,871,450449.0,0.047610187001010065,871,450449.0
3595.0,1349,160,823,2486,3835,0,48984.0,36.31134173461824,1.0847978358001151,823,440382.0,0.050018513084649004,823,440382.0
3600.0,1351,153,779,2491,3842,0,39375.0,29.145077720207254,1.2582936619611513,779,436040.0,0.060816822601678776,779,436040.0
3605.0,1353,145,804,2497,3850,0,35276.0,26.072431633407245,1.2452040606257706,804,436040.0,0.06076949846455724,804,436040.0
3610.0,1360,134,840,2501,3861,0,34948.0,25.69705882352941,1.1336113266255339,840,436056.0,0.05334940944896395,840,436056.0
3615.0,1371,123,855,2501,3872,0,33396.0,24.358862144420133,0.994305735776496,855,435695.0,0.04247570665532284,855,435695.0
3620.0,1379,108,839,2508,3887,0,32567.0,23.616388687454677,0.872573437750878,839,433558.0,0.03679735290172026,839,433558.0
3625.0,1389,98,847,2508,3897,0,32293.0,23.249100071994242,0.8893723325554278,847,433103.0,0.03405182079542154,847,433103.0
3630.0,1395,89,913,2511,3906,0,33516.0,24.025806451612905,0.8398804961185169,913,434287.0,0.028707796578001304,913,434287.0
3635.0,1397,86,929,2513,3910,0,35046.0,25.086614173228348,0.885362256844641,929,430107.0,0.02849514949894997,929,430107.0
3640.0,1405,76,944,2515,3920,0,36228.0,25.78505338078292,0.9405162900103274,944,427209.0,0.030138010140669705,944,427209.0
3645.0,1406,71,983,2519,3925,0,37800.0,26.884779516358464,0.8761648647146176,983,428632.0,0.024343697592900622,983,428632.0
3650.0,1406,66,1024,2524,3930,0,39657.0,28.205547652916074,0.8235364704113514,1024,428939.0,0.02051740448643777,1024,428939.0
3655.0,1402,64,1047,2530,3932,0,41489.0,29.592724679029956,0.7580453424060577,1047,430769.0,0.019029621877989553,1047,430769.0
3660.0,1400,61,1028,2535,3935,0,42690.0,30.492857142857144,0.7481254863731186,1028,426870.0,0.018362386325045235,1028,426870.0
3665.0,1394,59,971,2543,3937,0,42438.0,30.443328550932566,0.765368477643949,971,428125.0,0.022616877784257992,971,428125.0
3670.0,1394,58,984,2544,3938,0,42887.0,30.76542324246772,0.7567082125514343,984,428292.0,0.019638206350686277,984,428292.0
3675.0,1398,53,943,2545,3943,0,41390.0,29.606580829756794,0.8156359583746227,943,426701.0,0.023731120936135094,943,426701.0
3680.0,1394,52,929,2550,3944,0,40848.0,29.302725968436153,0.8051619128711567,929,424871.0,0.023649568464398682,929,424871.0
3685.0,1389,50,890,2557,3946,0,37198.0,26.78041756659467,0.8543610999418528,890,421342.0,0.027524337654469874,890,421342.0
3690.0,1386,49,860,2561,3947,0,34675.0,25.018037518037517,0.9008587542070724,860,423509.0,0.029965953058991298,860,423509.0
3695.0,1382,47,834,2567,3949,0,33073.0,23.931259044862518,0.9183814443528988,834,419616.0,0.030369512534762867,834,419616.0
3700.0,1379,46,829,2571,3950,0,31499.0,22.841914430746918,0.9177460492614572,829,419954.0,0.030407430268366623,829,419954.0
3705.0,1370,46,863,2580,3950,0,31620.0,23.080291970802918,0.8316559683153953,863,418606.0,0.026857564603291226,863,418606.0
3710.0,1372,43,863,2581,3953,0,32475.0,23.669825072886297,0.8255932408240466,863,419641.0,0.024836760496852725,863,419641.0
3715.0,1372,40,866,2584,3956,0,33601.0,24.490524781341108,0.8052466616931304,866,419568.0,0.02434680576401756,866,419568.0
3720.0,1371,38,828,2587,3958,0,34188.0,24.936542669584245,0.8337617767136029,828,416952.0,0.025143797605238844,828,416952.0
3725.0,1366,36,842,2594,3960,0,35501.0,25.989019033674964,0.8074591513412273,842,418671.0,0.025827000262197385,842,418671.0
3730.0,1364,36,862,2596,3960,0,36244.0,26.571847507331377,0.789507047258428,862,417722.0,0.02284428372649345,862,417722.0
3735.0,1363,34,889,2599,3962,0,35133.0,25.776228906823185,0.7821180062673435,889,419457.0,0.02218560103077526,889,419457.0
3740.0,1359,32,841,2605,3964,0,33145.0,24.38925680647535,0.7817728229559807,841,417798.0,0.023984771785690286,841,417798.0
3745.0,1355,31,855,2610,3965,0,32616.0,24.070848708487084,0.778016752394997,855,419128.0,0.02519567301505911,855,419128.0
3750.0,1347,30,890,2619,3966,0,33342.0,24.752783964365257,0.7038512505885546,890,419376.0,0.02336320494490116,890,419376.0
3755.0,1347,28,912,2621,3968,0,34139.0,25.344469190794356,0.6828551652338071,912,420005.0,0.022048750856136005,912,420005.0
3760.0,1343,25,901,2628,3971,0,34234.0,25.490692479523457,0.6683894781880327,901,417916.0,0.02404389994775006,901,417916.0
3765.0,1341,25,907,2630,3971,0,34080.0,25.41387024608501,0.7069335301151238,907,419744.0,0.02572328367649299,907,419744.0
3770.0,1340,25,885,2631,3971,0,33707.0,25.154477611940298,0.7880436773784045,885,418032.0,0.02750447271364966,885,418032.0
3775.0,1337,23,868,2636,3973,0,30515.0,22.82348541510845,0.7803279510538274,868,418471.0,0.027447941262867773,868,418471.0
3780.0,1335,22,879,2639,3974,0,30788.0,23.062172284644195,0.7898837811823824,879,418266.0,0.027034060553584847,879,418266.0
3785.0,1333,22,859,2641,3974,0,30501.0,22.8814703675919,0.7868261381172361,859,420587.0,0.02608361162037679,859,420587.0
3790.0,1329,22,814,2645,3974,0,26432.0,19.888638073739653,0.8480192373081232,814,409262.0,0.030088581766736917,814,409262.0
3795.0,1325,22,780,2649,3974,0,24366.0,18.38943396226415,0.8916833643724307,780,413298.0,0.03281228753089641,780,413298.0
3800.0,1323,22,780,2651,3974,0,23886.0,18.05442176870748,0.9219013367428708,780,412390.0,0.03368850472056866,780,412390.0
3805.0,1320,22,797,2654,3974,0,24184.0,18.32121212121212,0.9221441513010236,797,413994.0,0.03380035612878114,797,413994.0
3810.0,1315,21,834,2660,3975,0,25874.0,19.676045627376425,0.8325805417686595,834,414012.0,0.03020355003152954,834,414012.0
3815.0,1312,21,858,2663,3975,0,27667.0,21.08765243902439,0.7641850463466889,858,413689.0,0.026644585855058994,858,413689.0
3820.0,1309,20,789,2667,3976,0,26000.0,19.862490450725744,0.8136541511564305,789,409345.0,0.02995802231014232,789,409345.0
3825.0,1306,19,778,2671,3977,0,26176.0,20.042879019908117,0.8083567073469872,778,410255.0,0.029588614238737345,778,410255.0
3830.0,1305,17,778,2674,3979,0,26447.0,20.265900383141762,0.8433652167853157,778,410015.0,0.03278688571431331,778,410015.0
3835.0,1301,15,795,2680,3981,0,27019.0,20.767870868562643,0.8373567973606132,795,411288.0,0.03516392488173126,795,411288.0
3840.0,1302,10,762,2684,3986,0,24201.0,18.587557603686637,0.8819979374894412,762,410207.0,0.03927435669373562,762,410207.0
3845.0,1302,5,765,2689,3991,0,23659.0,18.171274961597543,0.8975804975141352,765,411563.0,0.04196907305900661,765,411563.0
3850.0,1301,2,749,2693,3994,0,22879.0,17.585703305149885,0.9050230386297017,749,409179.0,0.04106032427077969,749,409179.0
3855.0,1299,0,742,2697,3996,0,20444.0,15.738260200153965,0.9006083962597063,742,408363.0,0.03980983021597641,742,408363.0
3860.0,1297,0,767,2699,3996,0,20771.0,16.014649190439474,0.8392997167010754,767,406961.0,0.03419601989565623,767,406961.0
3865.0,1294,0,777,2702,3996,0,20607.0,15.925038639876352,0.7751336653793559,777,409105.0,0.030122642981871287,777,409105.0
3870.0,1292,0,789,2704,3996,0,21059.0,16.29953560371517,0.7635860875122248,789,404519.0,0.02830195490563498,789,404519.0
3875.0,1290,0,772,2706,3996,0,21188.0,16.42480620155039,0.8247771861490666,772,403945.0,0.029812566671420557,772,403945.0
3880.0,1289,0,805,2707,3996,0,21937.0,17.018619084561674,0.8021413871722234,805,404225.0,0.024082962589790587,805,404225.0
3885.0,1284,0,875,2712,3996,0,23754.0,18.5,0.7665817004323651,875,405489.0,0.02188520191002225,875,405489.0
3890.0,1281,0,873,2715,3996,0,24938.0,19.46760343481655,0.7500829506859699,873,407436.0,0.022191746836475058,873,407436.0
3895.0,1279,0,868,2717,3996,0,26404.0,20.644253322908522,0.7176255192746097,868,409779.0,0.020500784975080493,868,409779.0
3900.0,1275,0,846,2721,3996,0,27800.0,21.80392156862745,0.7208802537994021,846,406745.0,0.021230944322753374,846,406745.0
3905.0,1271,0,805,2725,3996,0,29013.0,22.82690794649882,0.7956628570419021,805,405011.0,0.024886841785393174,805,405011.0
3910.0,1265,0,820,2731,3996,0,30529.0,24.133596837944665,0.8789034923295346,820,402684.0,0.027137301518426426,820,402684.0
3915.0,1261,0,840,2735,3996,0,32710.0,25.939730372720064,0.9570802230352231,840,403026.0,0.03019796875670221,840,403026.0
3920.0,1260,0,871,2736,3996,0,35366.0,28.06825396825397,0.9739413590872031,871,404300.0,0.029559808537692616,871,404300.0
3925.0,1259,0,896,2737,3996,0,38415.0,30.51231135822081,0.9679634102117468,896,405371.0,0.02918728908092881,896,405371.0
3930.0,1254,0,882,2742,3996,0,41043.0,32.729665071770334,0.9758296351030469,882,402627.0,0.030769413867404564,882,402627.0
3935.0,1245,0,884,2751,3996,0,43904.0,35.264257028112446,0.8897133764376237,884,405696.0,0.0285960902945063,884,405696.0
3940.0,1242,0,875,2754,3996,0,46789.0,37.67230273752013,0.8836789767015641,875,407160.0,0.025882076296610858,875,407160.0
3945.0,1239,0,866,2757,3996,0,48855.0,39.430992736077485,0.8548367002321697,866,409591.0,0.023317561297197635,866,409591.0
3950.0,1237,0,851,2759,3996,0,47667.0,38.53435731608731,0.8764512584423133,851,407039.0,0.02371764412660308,851,407039.0
3955.0,1238,0,843,2759,3997,0,46913.0,37.89418416801293,0.9359485689238558,843,407190.0,0.023213310349149276,843,407190.0
3960.0,1231,0,843,2766,3997,0,46599.0,37.854589764419174,0.903310469333504,843,404864.0,0.021034726843078052,843,404864.0
3965.0,1224,0,831,2773,3997,0,46361.0,37.876633986928105,0.94494037988056,831,397109.0,0.023941918140818967,831,397109.0
3970.0,1213,0,729,2784,3997,0,43630.0,35.96867271228359,1.081270171112218,729,398750.0,0.040227448176057334,729,398750.0
3975.0,1207,0,734,2790,3997,0,43313.0,35.88483844241922,1.1368721013577276,734,396660.0,0.0437686282582082,734,396660.0
3980.0,1206,0,708,2791,3997,0,39556.0,32.79933665008292,1.2579296087185237,708,395236.0,0.046934563714715175,708,395236.0
3985.0,1202,0,706,2795,3997,0,38443.0,31.98252911813644,1.3371213298320177,706,390319.0,0.04596779747240938,706,390319.0
3990.0,1196,0,712,2801,3997,0,37107.0,31.025919732441473,1.3172067213839571,712,390984.0,0.04226928097698897,712,390984.0
3995.0,1193,0,679,2804,3997,0,36178.0,30.32523051131601,1.2886921182295323,679,392057.0,0.04034968239857607,679,392057.0
4000.0,1190,0,674,2807,3997,0,34018.0,28.58655462184874,1.268603631135866,674,391434.0,0.04116335603284287,674,391434.0
4005.0,1189,0,635,2808,3997,0,32792.0,27.579478553406222,1.3511787155264001,635,385571.0,0.044729866454307085,635,385571.0
4010.0,1186,0,602,2811,3997,0,31541.0,26.59443507588533,1.356089851284649,602,384832.0,0.044244303809621424,602,384832.0
4015.0,1176,0,618,2821,3997,0,30307.0,25.77125850340136,1.3282803887402603,618,385761.0,0.04625795417948544,618,385761.0
4020.0,1173,0,628,2824,3997,0,29986.0,25.563512361466326,1.3311000920824283,628,385719.0,0.0463892078119955,628,385719.0
4025.0,1164,0,643,2833,3997,0,29252.0,25.130584192439862,1.2860828529228883,643,382831.0,0.04830062838911302,643,382831.0
4030.0,1162,0,648,2835,3997,0,29317.0,25.229776247848537,1.3143184590603159,648,381290.0,0.04971416407344132,648,381290.0
4035.0,1155,0,679,2842,3997,0,29233.0,25.309956709956708,1.196540262301551,679,382896.0,0.04444127330450371,679,382896.0
4040.0,1148,0,650,2849,3997,0,27560.0,24.006968641114984,1.1779446957790702,650,377830.0,0.04499002344578647,650,377830.0
4045.0,1134,0,636,2863,3997,0,24789.0,21.85978835978836,1.1545799563726067,636,375338.0,0.04918492435717601,636,375338.0
4050.0,1126,0,639,2871,3997,0,20986.0,18.637655417406748,1.1417847204250202,639,372264.0,0.048334947930320435,639,372264.0
4055.0,1125,0,648,2872,3997,0,21594.0,19.194666666666667,1.180178747018265,648,372189.0,0.04888168296198234,648,372189.0
4060.0,1122,0,673,2875,3997,0,22829.0,20.346702317290553,1.1227658784973373,673,373221.0,0.04711456001386115,673,373221.0
4065.0,1117,0,689,2880,3997,0,24047.0,21.52820053715309,1.0431801640204637,689,372447.0,0.044558510825133006,689,372447.0
4070.0,1115,0,734,2882,3997,0,25651.0,23.00538116591928,1.007228506259688,734,373722.0,0.04283474251236684,734,373722.0
4075.0,1109,0,702,2888,3997,0,24648.0,22.22542831379621,0.9966842250123409,702,370909.0,0.04377657401700545,702,370909.0
4080.0,1107,0,645,2890,3997,0,23322.0,21.067750677506776,1.1089647915436038,645,371508.0,0.04807975771074357,645,371508.0
4085.0,1104,0,636,2893,3997,0,23124.0,20.945652173913043,1.2436317949485771,636,364754.0,0.05010277122539124,636,364754.0
4090.0,1101,0,675,2896,3997,0,23120.0,20.999091734786557,1.2382856396126858,675,363408.0,0.04455510739996403,675,363408.0
4095.0,1100,0,711,2897,3997,0,22855.0,20.777272727272727,1.197291905876948,711,362068.0,0.03873735943130475,711,362068.0
4100.0,1097,0,750,2900,3997,0,23486.0,21.409298085688242,1.0984744397357225,750,362335.0,0.03167600748710907,750,362335.0
4105.0,1092,0,745,2905,3997,0,20315.0,18.603479853479854,1.0379541089057582,745,359633.0,0.02780844537965532,745,359633.0
4110.0,1083,0,748,2914,3997,0,17347.0,16.017543859649123,1.04711800182879,748,358086.0,0.030531578324433494,748,358086.0
4115.0,1078,0,757,2919,3997,0,16281.0,15.102968460111317,1.123660220574466,757,355236.0,0.02924946725288712,757,355236.0
4120.0,1078,0,768,2919,3997,0,16742.0,15.53061224489796,1.2135748042971364,768,355873.0,0.027983839244897512,768,355873.0
4125.0,1077,0,756,2920,3997,0,17630.0,16.36954503249768,1.2124522662048198,756,355543.0,0.02613069208414061,756,355543.0
4130.0,1075,0,751,2922,3997,0,18464.0,17.175813953488372,1.1941642553350533,751,356865.0,0.025586121959890074,751,356865.0
4135.0,1069,0,728,2928,3997,0,18112.0,16.942937324602433,1.1322793934184943,728,358199.0,0.024229053224980812,728,358199.0
4140.0,1060,0,704,2937,3997,0,17947.0,16.931132075471698,1.070928189123611,704,358816.0,0.02793108963730465,704,358816.0
4145.0,1053,0,642,2944,3997,0,15829.0,15.032288698955366,1.1418924994829924,642,356863.0,0.03631907806031611,642,356863.0
4150.0,1047,0,650,2950,3997,0,14999.0,14.325692454632282,1.1246821110299476,650,358851.0,0.03617724708373151,650,358851.0
4155.0,1043,0,654,2954,3997,0,14864.0,14.251198465963567,1.1033593030287365,654,358631.0,0.03391803814815636,654,358631.0
4160.0,1041,0,648,2956,3997,0,14359.0,13.79346781940442,1.1376786135533004,648,360949.0,0.036212979060934285,648,360949.0
4165.0,1035,0,629,2962,3997,0,13380.0,12.927536231884059,1.1023978893841484,629,358480.0,0.03593580493039514,629,358480.0
4170.0,1026,0,608,2971,3997,0,13107.0,12.774853801169591,1.1558054334624575,608,354752.0,0.041794284035549446,608,354752.0
4175.0,1016,0,627,2981,3997,0,13304.0,13.094488188976378,1.0770119624983696,627,354422.0,0.039523570295268894,627,354422.0
4180.0,1008,0,676,2990,3998,0,14122.0,14.009920634920634,1.0192952913394362,676,354775.0,0.03775690598998532,676,354775.0
4185.0,1007,0,690,2991,3998,0,14919.0,14.815292949354518,0.9933311650206028,690,355818.0,0.035281024625836356,690,355818.0
4190.0,1005,0,662,2993,3998,0,15073.0,14.998009950248756,1.0129612470812375,662,348897.0,0.03511431059093023,662,348897.0
4195.0,1003,0,611,2995,3998,0,14403.0,14.359920239282154,1.1929877153536037,611,349582.0,0.04397209636623034,611,349582.0
4200.0,1002,0,588,2996,3998,0,14415.0,14.386227544910179,1.340773900882736,588,344879.0,0.044041256420428145,588,344879.0
4205.0,1000,0,589,2998,3998,0,14569.0,14.569,1.5548119595065144,589,342352.0,0.044815108288276936,589,342352.0
4210.0,992,0,585,3006,3998,0,13326.0,13.433467741935484,1.5850023123973198,585,336951.0,0.047755570499147686,585,336951.0
4215.0,991,0,595,3007,3998,0,13593.0,13.716448032290616,1.5340999448370356,595,334880.0,0.04326410579755854,595,334880.0
4220.0,989,0,593,3009,3998,0,14311.0,14.470171890798786,1.5673450113674903,593,333710.0,0.04832451559113617,593,333710.0
4225.0,981,0,548,3017,3998,0,14639.0,14.922528032619775,1.5963854962406652,548,328844.0,0.05567050444904183,548,328844.0
4230.0,974,0,553,3024,3998,0,15279.0,15.686858316221766,1.583909892199854,553,330001.0,0.057367339043617564,553,330001.0
4235.0,970,0,484,3028,3998,0,10172.0,10.48659793814433,1.7265624112603004,484,313795.0,0.06660098550186352,484,313795.0
4240.0,969,0,486,3029,3998,0,9224.0,9.519091847265221,1.7665203166938153,486,313656.0,0.06513814250063006,486,313656.0
4245.0,968,0,513,3031,3999,0,9422.0,9.733471074380166,1.7200168010924988,513,311261.0,0.0596978661708155,513,311261.0
4250.0,962,0,560,3037,3999,0,9931.0,10.323284823284823,1.576650500038462,560,315001.0,0.0507211162061261,560,315001.0
4255.0,957,0,599,3042,3999,0,11184.0,11.68652037617555,1.434911277157283,599,315040.0,0.044808506776473224,599,315040.0
4260.0,938,0,616,3061,3999,0,12344.0,13.159914712153519,1.1444296324481746,616,316330.0,0.03879855970299847,616,316330.0
4265.0,926,0,617,3073,3999,0,13597.0,14.683585313174946,1.0188116067525446,617,315369.0,0.03842530781286372,617,315369.0
4270.0,923,0,643,3076,3999,0,15507.0,16.800650054171182,0.9311365817468361,643,318765.0,0.032685841731766065,643,318765.0
4275.0,921,0,641,3078,3999,0,16831.0,18.27470141150923,0.9030189727637148,641,314361.0,0.02821411168477883,641,314361.0
4280.0,918,0,571,3081,3999,0,14122.0,15.383442265795207,1.0877194560952368,571,306855.0,0.03890799888278765,571,306855.0
4285.0,914,0,596,3085,3999,0,14282.0,15.62582056892779,1.1447916442082582,596,305096.0,0.042419921703229696,596,305096.0
4290.0,912,0,602,3087,3999,0,15094.0,16.55043859649123,1.0467503488713596,602,305617.0,0.0317305504961288,602,305617.0
4295.0,905,0,627,3094,3999,0,15962.0,17.63756906077348,0.8606263004974728,627,304734.0,0.023404115156279423,627,304734.0
4300.0,897,0,661,3102,3999,0,17380.0,19.375696767001116,0.6941861588622597,661,306840.0,0.018437357152547715,661,306840.0
4305.0,896,0,690,3103,3999,0,19635.0,21.9140625,0.6357574360103015,690,305238.0,0.01346443236467747,690,305238.0
4310.0,894,0,717,3105,3999,0,22084.0,24.70246085011186,0.5918524516311805,717,306359.0,0.011254858961573709,717,306359.0
4315.0,894,0,719,3105,3999,0,22772.0,25.472035794183444,0.6540622565309621,719,303290.0,0.010437843304815335,719,303290.0
4320.0,895,0,688,3105,4000,0,22554.0,25.2,0.8122197235673501,688,305968.0,0.01928470736932866,688,305968.0
4325.0,891,0,687,3109,4000,0,22705.0,25.48260381593715,0.8486372556172033,687,303611.0,0.01891397008877892,687,303611.0
4330.0,889,0,595,3111,4000,0,20150.0,22.66591676040495,1.1160787547432676,595,299724.0,0.03179074809051258,595,299724.0
4335.0,886,0,567,3114,4000,0,18685.0,21.08916478555305,1.3733177547740676,567,294218.0,0.03991564167424878,567,294218.0
4340.0,878,0,561,3122,4000,0,17943.0,20.43621867881549,1.4220683574432307,561,294602.0,0.04151303751742413,561,294602.0
4345.0,871,0,524,3129,4000,0,16444.0,18.879448909299654,1.4193956721100258,524,290620.0,0.04137387978510237,524,290620.0
4350.0,867,0,501,3133,4000,0,14161.0,16.333333333333332,1.3976311653792057,501,289055.0,0.04012559833521931,501,289055.0
4355.0,867,0,435,3133,4000,0,9902.0,11.420991926182237,1.5796323032980137,435,278526.0,0.04683623617630066,435,278526.0
4360.0,867,0,402,3133,4000,0,8606.0,9.926182237600923,1.7020748242159376,402,275428.0,0.0507895006344993,402,275428.0
4365.0,866,0,439,3134,4000,0,8032.0,9.274826789838338,1.6888578019493588,439,275882.0,0.04652902456507539,439,275882.0
4370.0,865,0,473,3135,4000,0,8001.0,9.249710982658959,1.6679232122132501,473,276050.0,0.04278416888357299,473,276050.0
4375.0,859,0,490,3141,4000,0,8436.0,9.820721769499418,1.5603977631766657,490,274794.0,0.04015025997259163,490,274794.0
4380.0,853,0,477,3147,4000,0,7755.0,9.091441969519343,1.5167153969227964,477,272685.0,0.039796000731194076,477,272685.0
4385.0,842,0,466,3158,4000,0,7682.0,9.123515439429928,1.4033158969292938,466,271635.0,0.040722140165786465,466,271635.0
4390.0,835,0,505,3165,4000,0,8555.0,10.245508982035927,1.2531219893701506,505,272339.0,0.032984542100461416,505,272339.0
4395.0,829,0,502,3171,4000,0,9279.0,11.193003618817853,1.1980063272786166,502,270510.0,0.03238679901262864,502,270510.0
4400.0,820,0,467,3180,4000,0,8888.0,10.839024390243903,1.1827215655829808,467,265685.0,0.03640127956516044,467,265685.0
4405.0,814,0,495,3186,4000,0,9821.0,12.065110565110565,1.0811248940648037,495,267151.0,0.03233220533181355,495,267151.0
4410.0,804,0,519,3196,4000,0,11234.0,13.972636815920398,0.90893083588595,519,264341.0,0.02646630006593406,519,264341.0
4415.0,799,0,515,3201,4000,0,12624.0,15.799749687108886,0.843049357312142,515,262828.0,0.024774657927698198,515,262828.0
4420.0,795,0,495,3205,4000,0,12560.0,15.79874213836478,0.8228775315830986,495,261899.0,0.02417348090525562,495,261899.0
4425.0,794,0,493,3206,4000,0,13085.0,16.47984886649874,0.847094847175963,493,263814.0,0.023011895636578916,493,263814.0
4430.0,793,0,539,3207,4000,0,14580.0,18.385876418663305,0.8339827459006205,539,264927.0,0.019244924304479227,539,264927.0
4435.0,793,0,560,3207,4000,0,16640.0,20.983606557377048,0.8462013484361705,560,264146.0,0.017168164177181068,560,264146.0
4440.0,788,0,518,3212,4000,0,17845.0,22.645939086294415,0.8811938103505864,518,260795.0,0.022138354444303968,518,260795.0
4445.0,783,0,464,3217,4000,0,18698.0,23.879948914431672,1.0514793135689058,464,257833.0,0.03384168716839423,464,257833.0
4450.0,781,0,442,3219,4000,0,20377.0,26.09090909090909,1.3586265011392793,442,253127.0,0.04383857618588222,442,253127.0
4455.0,780,0,431,3220,4000,0,21600.0,27.692307692307693,1.5673816624023056,431,252446.0,0.0485746414222872,431,252446.0
4460.0,775,0,393,3225,4000,0,19236.0,24.820645161290322,1.604719738749099,393,248241.0,0.05087115533767829,393,248241.0
4465.0,772,0,386,3228,4000,0,16751.0,21.69818652849741,1.5727417195666717,386,246864.0,0.048263025516845505,386,246864.0
4470.0,769,0,400,3231,4000,0,15108.0,19.64629388816645,1.53398347071711,400,245740.0,0.04225621433043734,400,245740.0
4475.0,767,0,426,3233,4000,0,14219.0,18.53846153846154,1.5127995977440334,426,245064.0,0.0369029905872381,426,245064.0
4480.0,761,0,447,3239,4000,0,13895.0,18.258869908015768,1.5003144442862424,447,245262.0,0.04162962628701742,447,245262.0
4485.0,757,0,437,3243,4000,0,12982.0,17.14927344782034,1.4876335472002389,437,240488.0,0.03969682287121463,437,240488.0
4490.0,757,0,435,3243,4000,0,12469.0,16.471598414795245,1.648154737702201,435,239169.0,0.04383631038252416,435,239169.0
4495.0,757,0,456,3243,4000,0,12427.0,16.416116248348747,1.7569779386207973,456,238196.0,0.04315519248132657,456,238196.0
4500.0,754,0,469,3246,4000,0,12936.0,17.156498673740053,1.7717848217203984,469,236554.0,0.04042834552166807,469,236554.0
4505.0,743,0,486,3257,4000,0,13523.0,18.200538358008075,1.4998110117670393,486,235962.0,0.03204589195939138,486,235962.0
4510.0,735,0,461,3265,4000,0,11730.0,15.959183673469388,1.4766734920469042,461,230473.0,0.03415395336958772,461,230473.0
4515.0,726,0,460,3274,4000,0,10300.0,14.18732782369146,1.3814601954157437,460,229186.0,0.03303282701222852,460,229186.0
4520.0,717,0,437,3283,4000,0,9483.0,13.225941422594142,1.3671299356903672,437,224474.0,0.03441357108673603,437,224474.0
4525.0,713,0,433,3287,4000,0,9388.0,13.166900420757363,1.425289813838413,433,225406.0,0.03729308535674829,433,225406.0
4530.0,709,0,444,3291,4000,0,9654.0,13.6163610719323,1.3849872500398075,444,224857.0,0.03381614245227847,444,224857.0
4535.0,704,0,422,3296,4000,0,9135.0,12.975852272727273,1.424119611828159,422,224713.0,0.03778227511338163,422,224713.0
4540.0,703,0,415,3297,4000,0,8503.0,12.095305832147938,1.4464993822742782,415,222620.0,0.036993120981849,415,222620.0
4545.0,699,0,439,3301,4000,0,8995.0,12.868383404864092,1.3415290350576716,439,222980.0,0.03207414965186706,439,222980.0
4550.0,690,0,455,3310,4000,0,9836.0,14.255072463768116,1.1052110490956648,455,224299.0,0.023196946502460753,455,224299.0
4555.0,685,0,478,3315,4000,0,10785.0,15.744525547445255,1.0174331825520904,478,223792.0,0.021379407368442103,478,223792.0
4560.0,682,0,487,3318,4000,0,11855.0,17.382697947214076,0.9461428763902786,487,224787.0,0.018333984137297265,487,224787.0
4565.0,681,0,478,3319,4000,0,12255.0,17.995594713656388,1.0229629479097289,478,221894.0,0.02040700323709261,478,221894.0
4570.0,680,0,465,3320,4000,0,12387.0,18.216176470588234,1.0991570547341223,465,222092.0,0.02309464383717053,465,222092.0
4575.0,673,0,462,3327,4000,0,12440.0,18.484398216939077,1.0310878465183442,462,222074.0,0.022165284682951248,462,222074.0
4580.0,664,0,496,3336,4000,0,13277.0,19.995481927710845,0.8383417721490044,496,222828.0,0.015949595390156442,496,222828.0
4585.0,659,0,504,3341,4000,0,13196.0,20.024279210925645,0.7963479673589662,504,218928.0,0.012520039428881002,504,218928.0
4590.0,654,0,503,3346,4000,0,13185.0,20.160550458715598,0.7985534148994545,503,219120.0,0.013700546782426555,503,219120.0
4595.0,652,0,459,3348,4000,0,12277.0,18.829754601226995,0.9724726304497477,459,215310.0,0.0200416594688747,459,215310.0
4600.0,650,0,410,3350,4000,0,8841.0,13.601538461538462,1.1336061016163685,410,215857.0,0.027864055667377787,410,215857.0
4605.0,650,0,409,3350,4000,0,7800.0,12.0,1.2005893560812504,409,216925.0,0.027704532284484502,409,216925.0
4610.0,647,0,410,3353,4000,0,7461.0,11.531684698608965,1.1735558933693067,410,218051.0,0.02590926969314887,410,218051.0
4615.0,646,0,392,3354,4000,0,6846.0,10.597523219814242,1.2912149417547851,392,211723.0,0.03057034894742173,392,211723.0
4620.0,645,0,366,3355,4000,0,5861.0,9.086821705426356,1.378337778216444,366,211794.0,0.03317671403250812,366,211794.0
4625.0,641,0,375,3359,4000,0,5657.0,8.825273010920437,1.3284840329244443,375,211623.0,0.029444713525492584,375,211623.0
4630.0,639,0,389,3361,4000,0,5967.0,9.338028169014084,1.274673140647538,389,211885.0,0.0249830847346757,389,211885.0
4635.0,634,0,367,3366,4000,0,5191.0,8.18769716088328,1.2588797772349916,367,208687.0,0.025291073195849393,367,208687.0
4640.0,633,0,363,3367,4000,0,4962.0,7.838862559241706,1.344416988948306,363,209838.0,0.027972677907592815,363,209838.0
4645.0,625,0,376,3375,4000,0,5167.0,8.2672,1.2671774886904998,376,209096.0,0.028013234462640563,376,209096.0
4650.0,622,0,379,3378,4000,0,5681.0,9.133440514469454,1.2667619674279695,379,208966.0,0.028068570248086594,379,208966.0
4655.0,614,0,354,3386,4000,0,5322.0,8.667752442996743,1.2394696212020069,354,205397.0,0.03194471422339967,354,205397.0
4660.0,610,0,369,3390,4000,0,5662.0,9.281967213114754,1.2373987059001208,369,206254.0,0.0315655449648777,369,206254.0
4665.0,606,0,380,3394,4000,0,5854.0,9.66006600660066,1.1707002826096011,380,203600.0,0.025690866141595835,380,203600.0
4670.0,605,0,393,3395,4000,0,6363.0,10.517355371900827,1.1436150596383368,393,202789.0,0.02218124602250375,393,202789.0
4675.0,599,0,374,3401,4000,0,6904.0,11.525876460767947,1.150743203137588,374,198587.0,0.026873556394993916,374,198587.0
4680.0,596,0,346,3404,4000,0,7531.0,12.635906040268456,1.2828252696957745,346,196317.0,0.032582007107706874,346,196317.0
4685.0,593,0,338,3407,4000,0,8114.0,13.682967959527824,1.573897090566925,338,192524.0,0.04158907609433312,338,192524.0
4690.0,591,0,327,3409,4000,0,8120.0,13.739424703891709,1.7662027258979371,327,192642.0,0.04522389713739849,327,192642.0
4695.0,589,0,343,3411,4000,0,8960.0,15.212224108658743,1.734077122231415,343,193854.0,0.04040467475987916,343,193854.0
4700.0,585,0,362,3415,4000,0,9957.0,17.02051282051282,1.530705052386477,362,192936.0,0.031244625461307476,362,192936.0
4705.0,581,0,380,3419,4000,0,11221.0,19.313253012048193,1.4586780308386327,380,192230.0,0.03162138092635979,380,192230.0
4710.0,578,0,376,3422,4000,0,12255.0,21.20242214532872,1.5745187361317254,376,186938.0,0.0398254755240521,376,186938.0
4715.0,575,0,359,3425,4000,0,13169.0,22.902608695652173,1.7243544047489305,359,183622.0,0.046660695391136396,359,183622.0
4720.0,571,0,366,3429,4000,0,14514.0,25.418563922942205,1.744969128472365,366,183079.0,0.04499252176195514,366,183079.0
4725.0,567,0,382,3433,4000,0,16150.0,28.483245149911816,1.6883674012860534,382,183115.0,0.04119696644359965,382,183115.0
4730.0,566,0,396,3434,4000,0,17922.0,31.664310954063605,1.646186872363297,396,184600.0,0.03905989820098185,396,184600.0
4735.0,562,0,406,3438,4000,0,19813.0,35.254448398576514,1.5052406563606886,406,184881.0,0.03434696652720443,406,184881.0
4740.0,554,0,413,3446,4000,0,21188.0,38.24548736462094,1.2426320001192022,413,185477.0,0.024111077654468335,413,185477.0
4745.0,543,0,406,3457,4000,0,20192.0,37.18600368324125,1.0630295248030488,406,180962.0,0.020650048983175,406,180962.0
4750.0,537,0,405,3463,4000,0,19782.0,36.83798882681564,1.147031177499553,405,175658.0,0.02351488978848376,405,175658.0
4755.0,536,0,408,3464,4000,0,19395.0,36.184701492537314,1.2329043181973727,408,176447.0,0.022052732569134384,408,176447.0
4760.0,535,0,416,3465,4000,0,19233.0,35.94953271028037,1.2331841646371167,416,176953.0,0.015378163892689681,416,176953.0
4765.0,535,0,416,3465,4000,0,18991.0,35.49719626168224,1.2193497212523101,416,177084.0,0.014060249390018367,416,177084.0
4770.0,532,0,386,3468,4000,0,18051.0,33.93045112781955,1.301917878292272,386,173573.0,0.019719854968979256,386,173573.0
4775.0,525,0,361,3475,4000,0,16166.0,30.792380952380952,1.3158848056925538,361,173384.0,0.02740785141555757,361,173384.0
4780.0,520,0,356,3480,4000,0,15464.0,29.73846153846154,1.3170191737408883,356,173509.0,0.02922760441139988,356,173509.0
4785.0,517,0,335,3483,4000,0,13914.0,26.912959381044487,1.3147899777211007,335,173218.0,0.029261532094794117,335,173218.0
4790.0,516,0,298,3484,4000,0,10747.0,20.82751937984496,1.4509993275482476,298,170982.0,0.03481004561787498,298,170982.0
4795.0,513,0,274,3487,4000,0,9061.0,17.662768031189085,1.5092740375492153,274,171104.0,0.03850701908283104,274,171104.0
4800.0,513,0,263,3487,4000,0,7568.0,14.75243664717349,1.598804053065816,263,169607.0,0.03832364676955827,263,169607.0
4805.0,507,0,264,3493,4000,0,6883.0,13.575936883629192,1.4751180123092116,264,170159.0,0.036442485800842986,264,170159.0
4810.0,500,0,240,3500,4000,0,5497.0,10.994,1.3932118816571655,240,162927.0,0.03712198894708272,240,162927.0
4815.0,497,0,238,3503,4000,0,4146.0,8.3420523138833,1.4771916954537312,238,161536.0,0.041883779110738775,238,161536.0
4820.0,494,0,260,3506,4000,0,3668.0,7.425101214574899,1.465314066313605,260,161121.0,0.03740261658599876,260,161121.0
4825.0,492,0,284,3508,4000,0,3593.0,7.3028455284552845,1.3972498750730413,284,161269.0,0.03095210563642648,284,161269.0
4830.0,489,0,284,3511,4000,0,3399.0,6.950920245398773,1.4661582256283712,284,157884.0,0.032848302384492864,284,157884.0
4835.0,483,0,291,3517,4000,0,3612.0,7.478260869565218,1.5855400155962092,291,155868.0,0.040079547185273234,291,155868.0
4840.0,480,0,290,3520,4000,0,3907.0,8.139583333333333,1.923652092593253,290,152826.0,0.04786501231552875,290,152826.0
4845.0,480,0,288,3520,4000,0,4185.0,8.71875,2.1186583271495447,288,151222.0,0.045523957316494196,288,151222.0
4850.0,478,0,281,3522,4000,0,4474.0,9.359832635983263,2.0992958120324037,281,151059.0,0.04186549712934646,281,151059.0
4855.0,472,0,277,3528,4000,0,4908.0,10.398305084745763,1.9918486521027623,277,149977.0,0.04324948515437918,277,149977.0
4860.0,471,0,266,3529,4000,0,5483.0,11.641188959660298,2.0259287844216156,266,146520.0,0.04047712804241586,266,146520.0
4865.0,468,0,264,3532,4000,0,6263.0,13.382478632478632,2.1281025783879697,264,144312.0,0.04055801751427079,264,144312.0
4870.0,463,0,287,3537,4000,0,7441.0,16.071274298056156,2.0684881146199308,287,143315.0,0.033823768360659194,287,143315.0
4875.0,460,0,313,3540,4000,0,8834.0,19.204347826086956,2.0339775209901823,313,143511.0,0.030275470894579628,313,143511.0
4880.0,455,0,333,3545,4000,0,10404.0,22.865934065934066,1.8494148730032944,333,143743.0,0.022824127373881346,333,143743.0
4885.0,454,0,342,3546,4000,0,11927.0,26.270925110132158,1.737031832801733,342,143282.0,0.01580554852901295,342,143282.0
4890.0,447,0,332,3553,4000,0,13157.0,29.434004474272932,1.661590237795096,332,140652.0,0.01797519903426082,332,140652.0
4895.0,437,0,328,3563,4000,0,14468.0,33.107551487414185,1.499342583375706,328,140840.0,0.018840815388135087,328,140840.0
4900.0,427,0,331,3573,4000,0,15796.0,36.99297423887588,1.242920546537418,331,141091.0,0.012983903370780132,331,141091.0
4905.0,422,0,336,3578,4000,0,16750.0,39.691943127962084,1.1627530818172076,336,142214.0,0.012199421410093284,336,142214.0
4910.0,420,0,319,3580,4000,0,15877.0,37.80238095238095,1.2171730138136931,319,137481.0,0.011586539919910094,319,137481.0
4915.0,420,0,300,3580,4000,0,14682.0,34.957142857142856,1.4015944574628518,300,136895.0,0.018916163495161675,300,136895.0
4920.0,416,0,270,3584,4000,0,12895.0,30.997596153846153,1.5014515117041152,270,133060.0,0.0216045098269692,270,133060.0
4925.0,409,0,257,3591,4000,0,11676.0,28.547677261613693,1.5227895595804914,257,132988.0,0.026278609734970298,257,132988.0
4930.0,404,0,252,3596,4000,0,10271.0,25.423267326732674,1.4878791853604998,252,133373.0,0.025859559894767785,252,133373.0
4935.0,401,0,248,3599,4000,0,9044.0,22.55361596009975,1.4619627705153149,248,132467.0,0.024191886678903592,248,132467.0
4940.0,401,0,230,3599,4000,0,8002.0,19.955112219451372,1.5956941971214817,230,128080.0,0.027663374724369416,230,128080.0
4945.0,401,0,208,3599,4000,0,6492.0,16.189526184538654,1.7693518954736929,208,127792.0,0.03383226856252462,208,127792.0
4950.0,395,0,190,3605,4000,0,4512.0,11.422784810126583,1.7789161151825832,190,124043.0,0.034014350212436525,190,124043.0
4955.0,392,0,185,3608,4000,0,2727.0,6.956632653061225,2.0385227794280696,185,120999.0,0.04163846881913543,185,120999.0
4960.0,390,0,186,3610,4000,0,2189.0,5.612820512820512,2.1672595767677993,186,119513.0,0.0397257795366556,186,119513.0
4965.0,390,0,182,3610,4000,0,1910.0,4.897435897435898,2.370195657276284,182,115852.0,0.03769428124235573,182,115852.0
4970.0,385,0,181,3615,4000,0,1884.0,4.893506493506494,2.5933203513575895,181,112664.0,0.046810296373332276,181,112664.0
4975.0,380,0,191,3620,4000,0,1991.0,5.239473684210527,2.622649111853748,191,112272.0,0.04481958567704999,191,112272.0
4980.0,377,0,195,3623,4000,0,2232.0,5.9204244031830235,2.5652003061483,195,111896.0,0.03596187359901963,195,111896.0
4985.0,370,0,198,3630,4000,0,2620.0,7.081081081081081,2.3726560264817413,198,111102.0,0.03592816424594024,198,111102.0
4990.0,367,0,175,3633,4000,0,2643.0,7.201634877384196,2.4069074417742895,175,107980.0,0.03546852181544911,175,107980.0
4995.0,366,0,173,3634,4000,0,2764.0,7.551912568306011,2.5220593215522027,173,108315.0,0.03670789251017775,173,108315.0
5000.0,360,0,166,3640,4000,0,2352.0,6.533333333333333,2.537022287427162,166,103044.0,0.03482984325485557,166,103044.0
5005.0,357,0,168,3643,4000,0,2177.0,6.098039215686274,2.6189189132763038,168,101972.0,0.03616062964621525,168,101972.0
5010.0,349,0,192,3651,4000,0,2343.0,6.713467048710601,2.4322256935875957,192,101790.0,0.027451583304125074,192,101790.0
5015.0,345,0,215,3655,4000,0,2685.0,7.782608695652174,2.3370172901631974,215,101281.0,0.022828455590339695,215,101281.0
5020.0,340,0,221,3660,4000,0,3047.0,8.961764705882352,2.1925220497522306,221,101414.0,0.022126383060854352,221,101414.0
5025.0,330,0,220,3670,4000,0,3441.0,10.427272727272728,1.8907140393752757,220,100999.0,0.02381103348935573,220,100999.0
5030.0,325,0,189,3675,4000,0,3238.0,9.963076923076922,1.9441471489306115,189,96907.0,0.03336735887089322,189,96907.0
5035.0,320,0,143,3680,4000,0,2862.0,8.94375,2.3376387165115107,143,90549.0,0.06048984336229609,143,90549.0
5040.0,317,0,121,3683,4000,0,2723.0,8.589905362776026,2.9154350653706,121,87626.0,0.0796321051469388,121,87626.0
5045.0,315,0,120,3685,4000,0,2872.0,9.117460317460317,3.2949463585292937,120,87227.0,0.0880402523851869,120,87227.0
5050.0,312,0,137,3688,4000,0,3235.0,10.368589743589743,3.15425779494224,137,86536.0,0.0758132808191172,137,86536.0
5055.0,306,0,143,3694,4000,0,3598.0,11.758169934640524,2.889472982641275,143,86107.0,0.07064528784061204,143,86107.0
5060.0,300,0,128,3700,4000,0,3759.0,12.53,2.8469044601795415,128,80173.0,0.07515709839793039,128,80173.0
5065.0,297,0,112,3703,4000,0,3952.0,13.306397306397306,2.88899624446013,112,80835.0,0.0738122574386151,112,80835.0
5070.0,293,0,115,3707,4000,0,4302.0,14.68259385665529,2.923595677051359,115,80471.0,0.07549440331212402,115,80471.0
5075.0,292,0,125,3708,4000,0,4332.0,14.835616438356164,2.914714382292686,125,80475.0,0.06979464671928337,125,80475.0
5080.0,291,0,115,3709,4000,0,2824.0,9.70446735395189,2.8871810122836354,115,77053.0,0.05788987690784127,115,77053.0
5085.0,289,0,128,3711,4000,0,2487.0,8.60553633217993,2.7054964564766566,128,76935.0,0.03542857740790911,128,76935.0
5090.0,286,0,150,3714,4000,0,2222.0,7.769230769230769,2.6387949784878213,150,76716.0,0.028205327226964748,150,76716.0
5095.0,279,0,169,3721,4000,0,2624.0,9.405017921146953,2.335052393729286,169,77382.0,0.018001805369892366,169,77382.0
5100.0,263,0,168,3737,4000,0,2554.0,9.711026615969581,1.8076446918707714,168,72877.0,0.017059572972173215,168,72877.0
5105.0,258,0,171,3742,4000,0,2522.0,9.775193798449612,1.8678362835602769,171,71599.0,0.027523263743549128,171,71599.0
5110.0,257,0,171,3743,4000,0,2625.0,10.214007782101167,1.9600047104034686,171,71695.0,0.02675910895826812,171,71695.0
5115.0,257,0,162,3743,4000,0,2749.0,10.696498054474707,2.046943477646579,162,71480.0,0.023723706191094134,162,71480.0
5120.0,254,0,132,3746,4000,0,2527.0,9.948818897637794,2.1771165569454634,132,67473.0,0.033658335100804355,132,67473.0
5125.0,250,0,103,3750,4000,0,2312.0,9.248,2.6332019255658965,103,64099.0,0.057804402721416515,103,64099.0
5130.0,246,0,85,3754,4000,0,2127.0,8.646341463414634,2.8201688883262372,85,63928.0,0.06345660189092707,85,63928.0
5135.0,246,0,100,3754,4000,0,2316.0,9.414634146341463,3.004217434302323,100,63794.0,0.06047392897709395,100,63794.0
5140.0,243,0,110,3757,4000,0,2403.0,9.88888888888889,2.84303367232016,110,63354.0,0.05032759471772117,110,63354.0
5145.0,237,0,99,3763,4000,0,1695.0,7.151898734177215,2.8641004181366885,99,60416.0,0.0595490899290771,99,60416.0
5150.0,235,0,108,3765,4000,0,1460.0,6.212765957446808,2.8245509076260653,108,60345.0,0.04800490520858061,108,60345.0
5155.0,232,0,102,3768,4000,0,920.0,3.9655172413793105,2.819306680367845,102,56898.0,0.03950764954013641,102,56898.0
5160.0,230,0,112,3770,4000,0,936.0,4.069565217391304,2.825828065767556,112,55687.0,0.02724160863393843,112,55687.0
5165.0,224,0,110,3776,4000,0,888.0,3.9642857142857144,2.8997591898524058,110,53520.0,0.028622365161946117,110,53520.0
5170.0,223,0,98,3777,4000,0,894.0,4.00896860986547,3.3615531482431193,98,53027.0,0.04170118763965633,98,53027.0
5175.0,220,0,95,3780,4000,0,949.0,4.3136363636363635,3.3983246573614654,95,53040.0,0.041513922204097706,95,53040.0
5180.0,217,0,109,3783,4000,0,1227.0,5.654377880184332,3.2419308006500676,109,53054.0,0.02377406164707849,109,53054.0
5185.0,210,0,137,3790,4000,0,1757.0,8.366666666666667,2.789968540263277,137,53201.0,0.011578304909162843,137,53201.0
5190.0,206,0,156,3794,4000,0,2446.0,11.87378640776699,2.5486836289603008,156,53459.0,0.0017003991910710674,156,53459.0
5195.0,204,0,165,3796,4000,0,3255.0,15.955882352941176,2.4688528851909406,165,53831.0,0.00018672386223232156,165,53831.0
5200.0,200,0,164,3800,4000,0,4005.0,20.025,2.2725844261605523,164,53645.0,0.000496503240482992,164,53645.0
5205.0,195,0,150,3805,4000,0,4426.0,22.6974358974359,2.1714682724355505,150,52445.0,0.006798540017194599,150,52445.0
5210.0,192,0,141,3808,4000,0,4930.0,25.677083333333332,2.3690666865695493,141,51646.0,0.023020095016169154,141,51646.0
5215.0,189,0,147,3811,4000,0,5647.0,29.87830687830688,2.2969862809722676,147,51864.0,0.013670277851400991,147,51864.0
5220.0,185,0,155,3815,4000,0,6404.0,34.616216216216216,2.0587999234097416,155,52064.0,0.00030445787316278497,155,52064.0
5225.0,177,0,157,3823,4000,0,7188.0,40.610169491525426,1.5128414396309227,157,52317.0,5.81966243946186e-06,157,52317.0
5230.0,169,0,157,3831,4000,0,7973.0,47.17751479289941,0.9391756902817667,157,52592.0,0.0,157,52592.0
5235.0,169,0,151,3831,4000,0,8294.0,49.07692307692308,0.9694585288690624,151,53056.0,0.0016968555454547419,151,53056.0
5240.0,169,0,122,3831,4000,0,6803.0,40.25443786982248,1.44343184736623,122,49227.0,0.018667729145585846,122,49227.0
5245.0,169,0,106,3831,4000,0,5543.0,32.798816568047336,1.8458540002470871,106,49530.0,0.03402558596181064,106,49530.0
5250.0,169,0,98,3831,4000,0,4197.0,24.83431952662722,2.0745401278225772,98,49753.0,0.03141601256477824,98,49753.0
5255.0,168,0,87,3832,4000,0,2844.0,16.928571428571427,2.1748199541892452,87,49382.0,0.035393636928222616,87,49382.0
5260.0,167,0,57,3833,4000,0,1391.0,8.32934131736527,2.5414128067978514,57,43749.0,0.05225234987446163,57,43749.0
5265.0,164,0,52,3836,4000,0,899.0,5.4817073170731705,2.7109410914235474,52,43503.0,0.06343702589886394,52,43503.0
5270.0,161,0,64,3839,4000,0,1043.0,6.478260869565218,2.618910864158592,64,43360.0,0.04798404687330652,64,43360.0
5275.0,158,0,70,3842,4000,0,1070.0,6.772151898734177,2.545634493342071,70,42791.0,0.04599453014986269,70,42791.0
5280.0,158,0,68,3842,4000,0,602.0,3.810126582278481,2.7660045866335397,68,41291.0,0.05369766918208866,68,41291.0
5285.0,157,0,82,3843,4000,0,902.0,5.745222929936306,2.790282200908023,82,39562.0,0.034018072874131056,82,39562.0
5290.0,157,0,104,3843,4000,0,1376.0,8.764331210191083,2.9582248055235576,104,38681.0,0.006176845565205247,104,38681.0
5295.0,156,0,118,3844,4000,0,1946.0,12.474358974358974,3.1189651056630714,118,38939.0,0.0002708613144117269,118,38939.0
5300.0,153,0,119,3847,4000,0,2541.0,16.607843137254903,2.986599045732018,119,39514.0,1.4518814196702345e-05,119,39514.0
5305.0,148,0,118,3852,4000,0,3124.0,21.10810810810811,2.6359272374138936,118,39379.0,0.0005616413348297516,118,39379.0
5310.0,147,0,118,3853,4000,0,3714.0,25.26530612244898,2.5878073997926045,118,39600.0,9.26752854986529e-08,118,39600.0
5315.0,146,0,118,3854,4000,0,4304.0,29.47945205479452,2.5183104906025506,118,39826.0,7.152470889346802e-08,118,39826.0
5320.0,141,0,118,3859,4000,0,4894.0,34.709219858156025,2.141740171178019,118,40014.0,0.0,118,40014.0
5325.0,137,0,118,3863,4000,0,5484.0,40.02919708029197,1.8225345871947545,118,40156.0,0.0,118,40156.0
5330.0,135,0,118,3865,4000,0,6074.0,44.992592592592594,1.664968531696306,118,40335.0,0.0,118,40335.0
5335.0,133,0,118,3867,4000,0,6664.0,50.10526315789474,1.480575432017207,118,40569.0,0.0,118,40569.0
5340.0,133,0,118,3867,4000,0,7254.0,54.54135338345865,1.4915849374722103,118,40811.0,0.0,118,40811.0
5345.0,130,0,118,3870,4000,0,7844.0,60.33846153846154,1.213648743082162,118,41037.0,0.0,118,41037.0
5350.0,120,0,112,3880,4000,0,7917.0,65.975,0.26583511632484286,112,41255.0,0.0032677987925948246,112,41255.0
5355.0,119,0,83,3881,4000,0,5992.0,50.35294117647059,0.8071242735545031,83,36435.0,0.023719123687806303,83,36435.0
5360.0,119,0,58,3881,4000,0,4295.0,36.09243697478992,2.0241785100196226,58,33550.0,0.07034705077760353,58,33550.0
5365.0,119,0,29,3881,4000,0,2188.0,18.386554621848738,3.8655562565686608,29,29872.0,0.13780948315353495,29,29872.0
5370.0,118,0,18,3882,4000,0,721.0,6.110169491525424,4.78919613048439,18,28526.0,0.1554053432937484,18,28526.0
5375.0,118,0,29,3882,4000,0,123.0,1.0423728813559323,4.822598851932897,29,28377.0,0.1389044391212731,29,28377.0
5380.0,118,0,49,3882,4000,0,327.0,2.7711864406779663,4.164890473750507,49,28286.0,0.07145874179336392,49,28286.0
5385.0,118,0,68,3882,4000,0,630.0,5.338983050847458,3.59730682449543,68,28268.0,0.01425395225107761,68,28268.0
5390.0,118,0,82,3882,4000,0,1016.0,8.610169491525424,3.4626225591359185,82,28303.0,0.0011011995916098642,82,28303.0
5395.0,118,0,85,3882,4000,0,1441.0,12.211864406779661,3.5163566307120284,85,27715.0,0.0017159048520661573,85,27715.0
5400.0,118,0,86,3882,4000,0,1870.0,15.847457627118644,3.4931052693807847,86,27960.0,8.17872208569028e-07,86,27960.0
